[-1064794560.0,1286152800.0,-3558328300.0],
[-3442841000.0,4158568700.0,-11505273000.0],
[-694274.5,838543.8,-2320064.8],
[-33890850000.0,40936370000.0,-113256415000.0],
[-39185220000.0,47331353000.0,-130949100000.0],
[-2484913000.0,3001498400.0,-8304072000.0],
[-42385134000.0,51196506000.0,-141642560000.0],
[-13515509000.0,16325231000.0,-45166117000.0],
[-2986768100.0,3607682800.0,-9981175000.0],
[-5191056400.0,6270213000.0,-17347463000.0],
[-17263411000.0,20852277000.0,-57690837000.0],
[-78600900.0,94938490.0,-262665740.0],
[-45629858000.0,55115770000.0,-152485760000.0],
[-115302856.0,139273170.0,-385319170.0],
[-15713139000.0,18979725000.0,-52510155000.0],
[-4500.707,5442.048,-15045.388],
[-142156540.0,171709140.0,-475058430.0],
[-71036690000.0,85804380000.0,-237390250000.0],
[-18248053000.0,22041612000.0,-60981314000.0],
[-7493172000.0,9050915000.0,-25040675000.0],
[-9214328000.0,11129882000.0,-30792415000.0],
[-38634380000.0,46666002000.0,-129108320000.0],
[-40175480000.0,48527520000.0,-134258310000.0],
[-31317645000.0,37828194000.0,-104657250000.0],
[-17743022000.0,21431593000.0,-59293594000.0],
[-29185478.0,35252788.0,-97531950.0],
[-33379688000.0,40318927000.0,-111548160000.0],
[-5620737500.0,6789225000.0,-18783371000.0],
[-67571224.0,81618480.0,-225809360.0],
[-15465531.0,18680602.0,-51682644.0],
[-24099652000.0,29109692000.0,-80536170000.0],
[-33864530.0,40904708.0,-113168620.0],
[-6624476700.0,8001629000.0,-22137668000.0],
[-78184735000.0,94438460000.0,-261277560000.0],
[-11872674000.0,14340870000.0,-39676084000.0],
[-7982384600.0,9641828000.0,-26675524000.0],
[-30717037000.0,37102760000.0,-102650170000.0],
[-133576790000.0,161345880000.0,-446386600000.0],
[-5913895400.0,7143325000.0,-19763036000.0],
[-26095708.0,31520682.0,-87206530.0],
[-6245321700.0,7543650000.0,-20870613000.0],
[-13497117000.0,16303014000.0,-45104620000.0],
[-10562765000.0,12758644000.0,-35298623000.0],
[-8310442.5,10038094.0,-27771824.0],
[-19474172.0,23522584.0,-65078700.0],
[-3792651300.0,4581098500.0,-12674273000.0],
[-5221625000.0,6307141600.0,-17449617000.0],
[-816085440.0,985739840.0,-2727192300.0],
[-1960258800.0,2367773000.0,-6550789000.0],
[-24872368000.0,30043054000.0,-83118430000.0],
[-62996988000.0,76093290000.0,-210523200000.0],
[-14919223000.0,18020758000.0,-49857050000.0],
[-23289434000.0,28131056000.0,-77828550000.0],
[-22655547000.0,27365376000.0,-75710260000.0],
[-1094386000.0,1321896100.0,-3657216300.0],
[-14640279000.0,17683812000.0,-48924873000.0],
[-51209544000.0,61855416000.0,-171131930000.0],
[-1601891500.0,1934905900.0,-5353196000.0],
[-8357561300.0,10095003000.0,-27929285000.0],
[-19959466000.0,24108806000.0,-66700500000.0],
[-67527836000.0,81566080000.0,-225664290000.0],
[-79010505000.0,95435874000.0,-264037150000.0],
[-6676523500.0,8064494600.0,-22311590000.0],
[-2023452400.0,2444103400.0,-6761970700.0],
[-10292352000.0,12432013000.0,-34394943000.0],
[-1041852400.0,1258441100.0,-3481660200.0],
[-34335652000.0,41473634000.0,-114742845000.0],
[-49820455000.0,60177560000.0,-166489830000.0],
[-138321440.0,167076800.0,-462242270.0],
[-642030140.0,775500500.0,-2145535100.0],
[-2468504.8,2981711.0,-8249276.5],
[-26655863000.0,32197296000.0,-89078510000.0],
[-2508202800.0,3029629400.0,-8381907000.0],
[-102239096.0,123493470.0,-341662600.0],
[-19645639000.0,23729742000.0,-65651760000.0],
[-22497503000.0,27174478000.0,-75182100000.0],
[-2832816000.0,3421726700.0,-9466702000.0],
[-20104946000.0,24284537000.0,-67186680000.0],
[-83058140.0,100325090.0,-277563550.0],
[-31536833000.0,38092984000.0,-105389700000.0],
[-82995760.0,100249640.0,-277355140.0],
[-7696794000.0,9296866000.0,-25721113000.0],
[-2540395000.0,3068513300.0,-8489488400.0],
[-197124910.0,238104830.0,-658751740.0],
[-14860216.0,17948912.0,-49659268.0],
[-8737444000.0,10553857000.0,-29198787000.0],
[-6315660300.0,7628616000.0,-21105658000.0],
[-7531843000.0,9097628000.0,-25169902000.0],
[-28616833000.0,34565943000.0,-95631655000.0],
[-56980296000.0,68825860000.0,-190416570000.0],
[-45668913000.0,55162946000.0,-152616240000.0],
[-6476249000.0,7822585300.0,-21642320000.0],
[-2970043600.0,3587481000.0,-9925284000.0],
[-2148292600.0,2594896600.0,-7179160000.0],
[-686856600.0,829645900.0,-2295335400.0],
[-148498640.0,179369940.0,-496252540.0],
[-12690085000.0,15328212000.0,-42407710000.0],
[-12555722000.0,15165909000.0,-41958690000.0],
[-132807816.0,160416910.0,-443816700.0],
[-47950730000.0,57919156000.0,-160241630000.0],
[-28797665000.0,34784367000.0,-96235990000.0],
[-929569.9,1122754.2,-3106375.5],
[-13034044.0,15743699.0,-43557172.0],
[-40811987000.0,49296327000.0,-136385400000.0],
[-42571384.0,51420068.0,-142263540.0],
[-2770973700.0,3347028500.0,-9260034000.0],
[-507190900.0,612630100.0,-1694929200.0],
[-13610694000.0,16440194000.0,-45484204000.0],
[-3106880500.0,3752764200.0,-10382569000.0],
[-122828820.0,148363490.0,-410469020.0],
[-7939538000.0,9590072000.0,-26532321000.0],
[-4469085000.0,5398156300.0,-14934780000.0],
[-2085629700.0,2519207700.0,-6969753600.0],
[-4077817900.0,4925548000.0,-13627244000.0],
[-30398054000.0,36717466000.0,-101584224000.0],
[-38066127000.0,45979623000.0,-127209325000.0],
[-94375490.0,113995040.0,-315383800.0],
[-4.3034434,7.5136395,-9.975347],
[-3014023000.0,3640604200.0,-10072258000.0],
[-26777358000.0,32344074000.0,-89484530000.0],
[-21526342000.0,26001416000.0,-71936660000.0],
[-9265986000.0,11192276000.0,-30965055000.0],
[-97833950.0,118172350.0,-326941280.0],
[-11684522000.0,14113597000.0,-39047303000.0],
[-9355668000.0,11300604000.0,-31264748000.0],
[-6095852.0,7363208.5,-20371204.0],
[-1090814000.0,1317581300.0,-3645279000.0],
[-97839750.0,118179510.0,-326960700.0],
[-17521750000.0,21164323000.0,-58554150000.0],
[-1275837600.0,1541069400.0,-4263591400.0],
[-85785970.0,103619810.0,-286679230.0],
[-32446456000.0,39191700000.0,-108429520000.0],
[-649740740.0,784814100.0,-2171302100.0],
[-3758324200.0,4539636700.0,-12559566000.0],
[-1348278100.0,1628569700.0,-4505673700.0],
[-16668389000.0,20133550000.0,-55702397000.0],
[-9421618000.0,11380262000.0,-31485147000.0],
[-16284211000.0,19669514000.0,-54418520000.0],
[-35413635000.0,42775720000.0,-118345190000.0],
[-7758866000.0,9371842000.0,-25928570000.0],
[-4389387000.0,5301889000.0,-14668443000.0],
[-14687922000.0,17741373000.0,-49084060000.0],
[-62926748.0,76008430.0,-210288430.0],
[-1319893800.0,1594283900.0,-4410818600.0],
[-40618533000.0,49062646000.0,-135738980000.0],
[-9887347000.0,11942821000.0,-33041508000.0],
[-99054990.0,119647360.0,-331021800.0],
[-238301890.0,287842500.0,-796357300.0],
[-20935352.0,25286814.0,-69960980.0],
[-1653076700.0,1996732800.0,-5524249600.0],
[-111325500.0,134468780.0,-372027300.0],
[-966882240.0,1167885800.0,-3231125200.0],
[-341999400.0,413097380.0,-1142893000.0],
[-46433407000.0,56086393000.0,-155171060000.0],
[-5547760000.0,6701075000.0,-18539493000.0],
[-381647800.0,460987800.0,-1275390000.0],
[-36213420000.0,43741750000.0,-121017980000.0],
[-39028164.0,47140344.0,-130422936.0],
[-23623150000.0,28534133000.0,-78943780000.0],
[-3621700.0,4374444.5,-12102822.0],
[-2820880100.0,3407309600.0,-9426817000.0],
[-33970022000.0,41032008000.0,-113520920000.0],
[-54819892.0,66216228.0,-183196930.0],
[-1431784600.0,1729435900.0,-4784735000.0],
[-21328015000.0,25761868000.0,-71273920000.0],
[-10629769000.0,12839579000.0,-35522540000.0],
[-3591842600.0,4338544600.0,-12003207000.0],
[-28514470.0,34442332.0,-95289656.0],
[-20162800000.0,24354408000.0,-67379982000.0],
[-519091840.0,627005000.0,-1734699100.0],
[-147035040.0,177601800.0,-491361440.0],
[-15659393000.0,18914800000.0,-52330520000.0],
[-12574124000.0,15188134000.0,-42020192000.0],
[-15737622000.0,19009294000.0,-52591956000.0],
[-13412776000.0,16201129000.0,-44822778000.0],
[-5447154700.0,6579556400.0,-18203288000.0],
[-2070472600.0,2500900400.0,-6919103000.0],
[-21224820000.0,25637222000.0,-70929070000.0],
[-51530730000.0,62243390000.0,-172205260000.0],
[-399377500.0,482403520.0,-1334639200.0],
[-6507462000.0,7860290000.0,-21746622000.0],
[-452953.88,547111.56,-1513674.2],
[-44564120000.0,53828480000.0,-148924270000.0],
[-24798775000.0,29954148000.0,-82872470000.0],
[-21643661000.0,26143123000.0,-72328740000.0],
[-23195169000.0,28017187000.0,-77513570000.0],
[-74863580.0,90427050.0,-250179250.0],
[-16677461000.0,20144513000.0,-55732716000.0],
[-34343690.0,41483430.0,-114769730.0],
[-76537330.0,92448620.0,-255772300.0],
[-1006625300.0,1215890800.0,-3363937800.0],
[-1057812100.0,1277718800.0,-3534993700.0],
[-135036510.0,163109020.0,-451264740.0],
[-525835260.0,635150100.0,-1757235300.0],
[-2033363600.0,2456075500.0,-6795090400.0],
[-74636080000.0,90152070000.0,-249418710000.0],
[-8703527000.0,10512892000.0,-29085442000.0],
[-51509920000.0,62218260000.0,-172135890000.0],
[-15509610.0,18733860.0,-51829936.0],
[-1273289000.0,1537990800.0,-4255074000.0],
[-57389736.0,69320296.0,-191784800.0],
[-23199173000.0,28022016000.0,-77526980000.0],
[-1135851100.0,1371980700.0,-3795783700.0],
[-31807214000.0,38419546000.0,-106293270000.0],
[-12132441000.0,14654629000.0,-40544160000.0],
[-157953490.0,190790240.0,-527848830.0],
[-141107250.0,170441860.0,-471552030.0],
[-14577.378,17605.959,-48712.31],
[-8648217000.0,10446076000.0,-28900596000.0],
[-367841180.0,444311260.0,-1229251000.0],
[-10404169000.0,12567077000.0,-34768630000.0],
[-39580733000.0,47809094000.0,-132270780000.0],
[-11797286000.0,14249806000.0,-39424150000.0],
[-18110253000.0,21875157000.0,-60520800000.0],
[-376006430.0,454173820.0,-1256537300.0],
[-148035100.0,178809940.0,-494703580.0],
[-22289058000.0,26922689000.0,-74485510000.0],
[-90460504.0,109266216.0,-302300800.0],
[-4798690300.0,5796283400.0,-16036250000.0],
[-65933960.0,79640810.0,-220337940.0],
[-1789022300.0,2160939500.0,-5978552300.0],
[-1975503400.0,2386185700.0,-6601731600.0],
[-6492387300.0,7842077000.0,-21696244000.0],
[-4924875300.0,5948701000.0,-16457932000.0],
[-2866281200.0,3462146800.0,-9578531000.0],
[-493371420.0,595937540.0,-1648747600.0],
[-4244089300.0,5126385000.0,-14182896000.0],
[-15526046000.0,18753733000.0,-51884904000.0],
[-33266555000.0,40182280000.0,-111170080000.0],
[-17070900000.0,20619751000.0,-57047510000.0],
[-5355617.5,6468989.0,-17897382.0],
[-107410880.0,129740420.0,-358945470.0],
[-1495265000.0,1806113800.0,-4996872000.0],
[-84078350000.0,101557220000.0,-280972950000.0],
[-20694559000.0,24996727000.0,-69157040000.0],
[-29248168000.0,35328516000.0,-97741470000.0],
[-2126562000.0,2568648700.0,-7106541600.0],
[-6927920600.0,8368152000.0,-23151714000.0],
[-1895134000.0,2289109000.0,-6333154300.0],
[-21722814000.0,26238736000.0,-72593270000.0],
[-996207100.0,1203306500.0,-3329123800.0],
[-34913726000.0,42171890000.0,-116674610000.0],
[-7794020400.0,9414305000.0,-26046042000.0],
[-21044662000.0,25419604000.0,-70327030000.0],
[-31746014.0,38344550.0,-106087700.0],
[-6213299000.0,7504974000.0,-20763593000.0],
[-18101870000.0,21865042000.0,-60492812000.0],
[-17665966000.0,21338524000.0,-59036080000.0],
[-17230854000.0,20812958000.0,-57582030000.0],
[-30504182000.0,36845662000.0,-101938790000.0],
[-6090876.0,7356858.5,-20354242.0],
[-9767490000.0,11798035000.0,-32640979000.0],
[-4804446000.0,5803237000.0,-16055484000.0],
[-3283770600.0,3966427600.0,-10973696000.0],
[-39350850000.0,47531440000.0,-131502604000.0],
[-12346675000.0,14913412000.0,-41260090000.0],
[-46090610000.0,55672324000.0,-154025540000.0],
[-228291730.0,275750880.0,-762904500.0],
[-125712270.0,151846320.0,-420104960.0],
[-9613390000.0,11611904000.0,-32126018000.0],
[-11311633000.0,13663193000.0,-37801193000.0],
[-4319531500.0,5217512000.0,-14435003000.0],
[-14008296.0,16920432.0,-46812864.0],
[-7943052.0,9594012.0,-26543776.0],
[-14707865000.0,17765462000.0,-49150714000.0],
[-9743416000.0,11768961000.0,-32560544000.0],
[-1798307700.0,2172155100.0,-6009584000.0],
[-6926038000.0,8365876700.0,-23145417000.0],
[-5579955700.0,6739963000.0,-18647080000.0],
[-630150140.0,761150700.0,-2105834200.0],
[-23827247000.0,28780653000.0,-79625830000.0],
[-821834560.0,992684160.0,-2746404400.0],
[-16138736000.0,19493796000.0,-53932413000.0],
[-26392440000.0,31879133000.0,-88198190000.0],
[-10813145000.0,13061075000.0,-36135340000.0],
[-176285460.0,212933120.0,-589110300.0],
[-47960980.0,57929880.0,-160274290.0],
[-25415954000.0,30699640000.0,-84934975000.0],
[-7856171000.0,9489374000.0,-26253734000.0],
[-14531148000.0,17552003000.0,-48560153000.0],
[-13207089000.0,15952694000.0,-44135420000.0],
[-50055880.0,60461988.0,-167276720.0],
[-24175303000.0,29201062000.0,-80788955000.0],
[-26960579000.0,32565367000.0,-90096796000.0],
[-9552429000.0,11538273000.0,-31922290000.0],
[-3227923.0,3898976.5,-10787071.0],
[-316771300.0,382624220.0,-1058585600.0],
[-35723116.0,43148350.0,-119378330.0],
[-9951734000.0,12020583000.0,-33256680000.0],
[-27328900.0,33009332.0,-91326730.0],
[-358.91476,444.32663,-1208.7836],
[-2956875300.0,3571573500.0,-9881280000.0],
[-5373523000.0,6490614000.0,-17957230000.0],
[-126372810.0,152644480.0,-422312600.0],
[-22894842000.0,27654408000.0,-76509920000.0],
[-10850737000.0,13106486000.0,-36260970000.0],
[-4371199500.0,5279920000.0,-14607661000.0],
[-7952468500.0,9605699000.0,-26575546000.0],
[-520326.16,628530.7,-1738858.9],
[-1441933400.0,1741695100.0,-4818652000.0],
[-261985520.0,316449440.0,-875502340.0],
[-6997122.5,8451455.0,-23382688.0],
[-8203955700.0,9909464000.0,-27415962000.0],
[-67966610.0,82096030.0,-227130640.0],
[-14380211000.0,17369690000.0,-48055750000.0],
[-33364970000.0,40301146000.0,-111498950000.0],
[-150524200.0,181816510.0,-503021600.0],
[-21875816000.0,26423544000.0,-73104550000.0],
[-3362776300.0,4061857500.0,-11237720000.0],
[-27567493000.0,33298444000.0,-92125000000.0],
[-12394270000.0,14970892000.0,-41419153000.0],
[-28026786000.0,33853225000.0,-93659840000.0],
[-147189250.0,177788210.0,-491876800.0],
[-116986200000.0,141306300000.0,-390944230000.0],
[-13733332000.0,16588335000.0,-45894020000.0],
[-3272132000.0,3952369400.0,-10934800000.0],
[-7097006000.0,8572393000.0,-23716766000.0],
[-76929650000.0,92922446000.0,-257083280000.0],
[-3484713500.0,4209143300.0,-11645211000.0],
[-27552534.0,33280408.0,-92075030.0],
[-25626876000.0,30954420000.0,-85639870000.0],
[-7103665000.0,8580434000.0,-23739015000.0],
[-65891564.0,79589680.0,-220196260.0],
[-402667100.0,486376860.0,-1345632400.0],
[-136163490.0,164470180.0,-455030700.0],
[-27348677000.0,33034162000.0,-91393780000.0],
[-59874548.0,72319730.0,-200086720.0],
[-14879115000.0,17972314000.0,-49722970000.0],
[-25490186.0,30789294.0,-85183040.0],
[-160925360.0,194379800.0,-537779900.0],
[-288487.84,348465.78,-964071.75],
[-24345238000.0,29406340000.0,-81356870000.0],
[-62123344000.0,75038080000.0,-207603630000.0],
[-5026554400.0,6071520000.0,-16797732000.0],
[-8857269000.0,10698594000.0,-29599205000.0],
[-15328882000.0,18515585000.0,-51226020000.0],
[-42061496000.0,50805584000.0,-140561040000.0],
[-21447390000.0,25906055000.0,-71672820000.0],
[-7100688000.0,8576839700.0,-23729068000.0],
[-10500033000.0,12682868000.0,-35088978000.0],
[-7442291700.0,8989463000.0,-24870631000.0],
[-10832116000.0,13083989000.0,-36198730000.0],
[-11170132000.0,13492278000.0,-37328323000.0],
[-13049716000.0,15762605000.0,-43609494000.0],
[-4982739500.0,6018595000.0,-16651311000.0],
[-14266410000.0,17232232000.0,-47675460000.0],
[-9820296000.0,11861821000.0,-32817461000.0],
[-30705744000.0,37089116000.0,-102612400000.0],
[-3286015200.0,3969139000.0,-10981198000.0],
[-25962037000.0,31359248000.0,-86759880000.0],
[-77772680000.0,93940750000.0,-259900670000.0],
[-18247054.0,22039774.0,-60977360.0],
[-1051792960.0,1270449000.0,-3514879500.0],
[-23680680000.0,28603611000.0,-79136055000.0],
[-68820900000.0,83127950000.0,-229985550000.0],
[-20148255000.0,24336847000.0,-67331432000.0],
[-8474903600.0,10236739000.0,-28321411000.0],
[-1062701500.0,1283624300.0,-3551332000.0],
[-9127775000.0,11025337000.0,-30503176000.0],
[-12507961000.0,15108221000.0,-41799066000.0],
[-32960367000.0,39812440000.0,-110146890000.0],
[-3830179800.0,4626430500.0,-12799687000.0],
[-8965535000.0,10829364000.0,-29961011000.0],
[-17175879000.0,20746543000.0,-57398317000.0],
[-28160510000.0,34014753000.0,-94106790000.0],
[-12634466000.0,15261020000.0,-42221830000.0],
[-1312163500.0,1584947500.0,-4384984000.0],
[-22349216000.0,26995364000.0,-74686560000.0],
[-15817902000.0,19106255000.0,-52860256000.0],
[-16143859000.0,19499979000.0,-53949530000.0],
[-6657842.0,8041935.5,-22249174.0],
[-239065860.0,288764670.0,-798909700.0],
[-1067316860.0,1289199500.0,-3566757400.0],
[-8447351000.0,10203457000.0,-28229319000.0],
[-13249795.0,16003757.0,-44277624.0],
[-97594610.0,117883640.0,-326141760.0],
[-16045841000.0,19381588000.0,-53621957000.0],
[-2473583900.0,2987812400.0,-8266218500.0],
[-14877584000.0,17970465000.0,-49717890000.0],
[-14012640.0,16925760.0,-46827470.0],
[-9257722000.0,11182295000.0,-30937432000.0],
[-1127537300.0,1361939100.0,-3768001800.0],
[-31360028.0,37879400.0,-104798840.0],
[-52760148.0,63728452.0,-176313820.0],
[-33731854000.0,40744317000.0,-112725025000.0],
[-885024260.0,1069009900.0,-2957571000.0],
[-42153128000.0,50916295000.0,-140867290000.0],
[-4547952600.0,5493419000.0,-15198345000.0],
[-26397260000.0,31884952000.0,-88214320000.0],
[-25592100000.0,30912414000.0,-85523630000.0],
[-11634796.0,14053547.0,-38881156.0],
[-36524690000.0,44117770000.0,-122058130000.0],
[-28988955000.0,35015430000.0,-96875230000.0],
[-3788296200.0,4575839700.0,-12659720000.0],
[-16301616000.0,19690533000.0,-54476690000.0],
[-33220835000.0,40127058000.0,-111017340000.0],
[-1191701500.0,1439442200.0,-3982427000.0],
[-4655119000.0,5622862300.0,-15556465000.0],
[-74829330000.0,90385430000.0,-250064490000.0],
[-13567020000.0,16387452000.0,-45338247000.0],
[-4996862500.0,6035653000.0,-16698504000.0],
[-5114090500.0,6177251300.0,-17090255000.0],
[-13256728000.0,16012645000.0,-44301316000.0],
[-12.988173,15.608662,-42.746124],
[-2313834000.0,2794853400.0,-7732363000.0],
[-12414882000.0,14995790000.0,-41488028000.0],
[-8476784000.0,10239005000.0,-28327707000.0],
[-1397107200.0,1687549600.0,-4668848600.0],
[-6023610000.0,7275847700.0,-20129688000.0],
[-2362062300.0,2853108000.0,-7893535000.0],
[-1490964000.0,1800918000.0,-4982500000.0],
[-6471521000.0,7816869400.0,-21626510000.0],
[-81961270000.0,99000090000.0,-273898010000.0],
[-1378207600.0,1664720800.0,-4605692000.0],
[-1052142340.0,1270869600.0,-3516048000.0],
[-7205655000.0,8703628000.0,-24079843000.0],
[-8935235000.0,10792772000.0,-29859752000.0],
[-10065906000.0,12158495000.0,-33638230000.0],
[-122322990.0,147752830.0,-408778850.0],
[-4321375000.0,5219739000.0,-14441161000.0],
[-22366968000.0,27016806000.0,-74745850000.0],
[-7553267700.0,9123502000.0,-25241500000.0],
[-49209713000.0,59439833000.0,-164448940000.0],
[-15748887000.0,19022897000.0,-52629570000.0],
[-9887581000.0,11943093000.0,-33042303000.0],
[-3124807000.0,3774419000.0,-10442479000.0],
[-46467110.0,56127170.0,-155283740.0],
[-40034476000.0,48357175000.0,-133787120000.0],
[-16592027000.0,20041316000.0,-55447196000.0],
[-22161195000.0,26768260000.0,-74058244000.0],
[-82509080000.0,99661780000.0,-275728730000.0],
[-45548036000.0,55016948000.0,-152212320000.0],
[-102666180.0,124009180.0,-343089540.0],
[-13440144000.0,16234200000.0,-44914250000.0],
[-22405848.0,27062970.0,-74875030.0],
[-26796362000.0,32367016000.0,-89547980000.0],
[-6114085000.0,7385133000.0,-20432046000.0],
[-31192394000.0,37676937000.0,-104238645000.0],
[-25516343000.0,30820889000.0,-85270480000.0],
[-4016228600.0,4851157000.0,-13421430000.0],
[-19246707000.0,23247874000.0,-64318603000.0],
[-1743070000.0,2105433300.0,-5824986600.0],
[-7678054000.0,9274232000.0,-25658513000.0],
[-56780153000.0,68584090000.0,-189747770000.0],
[-234935.17,283816.6,-785144.56],
[-18237473000.0,22028823000.0,-60945945000.0],
[-17945840000.0,21676583000.0,-59971396000.0],
[-1067071600.0,1288903600.0,-3565938200.0],
[-43854570000.0,52971418000.0,-146553080000.0],
[-10178529000.0,12294522000.0,-34014570000.0],
[-30725260000.0,37112670000.0,-102677590000.0],
[-5622560300.0,6791422500.0,-18789458000.0],
[-18626480000.0,22498707000.0,-62245950000.0],
[-17020346000.0,20558672000.0,-56878535000.0],
[-86763586000.0,104800730000.0,-289946400000.0],
[-104497720.0,126221620.0,-349210400.0],
[-1508101400.0,1821618700.0,-5039768600.0],
[-26552102.0,32071084.0,-88730930.0],
[-15841536000.0,19134806000.0,-52939190000.0],
[-9756496000.0,11784762000.0,-32604238000.0],
[-30116887000.0,36377846000.0,-100644590000.0],
[-271647.0,328095.16,-907765.7],
[-177401230.0,214281040.0,-592839300.0],
[-31734192000.0,38331380000.0,-106049230000.0],
[-5120209000.0,6184640500.0,-17110703000.0],
[-8103156000.0,9787711000.0,-27079113000.0],
[-15194770000.0,18353590000.0,-50777833000.0],
[-26473558000.0,31977091000.0,-88469290000.0],
[-6446714000.0,7786910000.0,-21543620000.0],
[-34859626000.0,42106540000.0,-116493870000.0],
[-10029810000.0,12114893000.0,-33517605000.0],
[-1350714800.0,1631512400.0,-4513815600.0],
[-90200080000.0,108951660000.0,-301430370000.0],
[-75912820000.0,91694190000.0,-253685350000.0],
[-5693988000.0,6877703000.0,-19028160000.0],
[-7021894000.0,8481663500.0,-23465748000.0],
[-33136577000.0,40025297000.0,-110735750000.0],
[-2018637700.0,2438290200.0,-6745878500.0],
[-136801570.0,165241090.0,-457163170.0],
[-40992924000.0,49514870000.0,-136990100000.0],
[-11079097000.0,13382311000.0,-37024113000.0],
[-10640048000.0,12851991000.0,-35556893000.0],
[-15595373000.0,18837475000.0,-52116582000.0],
[-7958025.0,9612394.0,-26594104.0],
[-3951977200.0,4773546500.0,-13206709000.0],
[-544181100.0,657310460.0,-1818543500.0],
[-115353420.0,139334020.0,-385487650.0],
[-21793567000.0,26324204000.0,-72829700000.0],
[-65016470000.0,78532690000.0,-217271980000.0],
[-12988612000.0,15688793000.0,-43405320000.0],
[-8176009000.0,9875708000.0,-27322565000.0],
[-3026924500.0,3656187000.0,-10115369000.0],
[-44023796000.0,53175837000.0,-147118620000.0],
[-270784740.0,327077660.0,-904907650.0],
[-67441900.0,81462330.0,-225377220.0],
[-313107100.0,378198270.0,-1046340540.0],
[-268265.28,324056.62,-896508.44],
[-1091614000.0,1318547500.0,-3647952100.0],
[-101037740.0,122042376.0,-337647700.0],
[-1176346.0,1420989.2,-3931201.8],
[-23053.572,27839.125,-77033.055],
[-8959294000.0,10821830000.0,-29940156000.0],
[-38615970000.0,46643780000.0,-129046710000.0],
[-4879785000.0,5894237700.0,-16307257000.0],
[-5532190700.0,6682271000.0,-18487466000.0],
[-20859423000.0,25195862000.0,-69708000000.0],
[-12201201000.0,14737694000.0,-40773950000.0],
[-351039000.0,424015940.0,-1173101000.0],
[-519073660.0,626983100.0,-1734639500.0],
[-2021941600.0,2442280700.0,-6756919000.0],
[-2353592.2,2842764.8,-7865117.0],
[-17185585000.0,20758264000.0,-57430745000.0],
[-8104785000.0,9789674000.0,-27084558000.0],
[-10493712000.0,12675234000.0,-35067855000.0],
[-17082055000.0,20633209000.0,-57084776000.0],
[-50104164.0,60518570.0,-167436380.0],
[-13830718000.0,16705966000.0,-46219465000.0],
[-103243120000.0,124706180000.0,-345017780000.0],
[-522664860.0,631320800.0,-1746640000.0],
[-26433504.0,31928678.0,-88335350.0],
[-12903644000.0,15586154000.0,-43121390000.0],
[-10865838000.0,13124717000.0,-36311433000.0],
[-17290396000.0,20884857000.0,-57781000000.0],
[-18410727000.0,22238102000.0,-61524920000.0],
[-31322628000.0,37834250000.0,-104673910000.0],
[-21694464000.0,26204498000.0,-72498510000.0],
[-14511951000.0,17528824000.0,-48496010000.0],
[-2969888500.0,3587292700.0,-9924766000.0],
[-9333272000.0,11273554000.0,-31189912000.0],
[-26707352000.0,32259508000.0,-89250595000.0],
[-25934248000.0,31325692000.0,-86667035000.0],
[-4067968000.0,4913651000.0,-13594325000.0],
[-275601020.0,332895360.0,-921003300.0],
[-29996476000.0,36232397000.0,-100242210000.0],
[-4655952.5,5623669.5,-15559056.0],
[-15644146.0,18895840.0,-52279024.0],
[-3488952800.0,4214264800.0,-11659380000.0],
[-35654218000.0,43066310000.0,-119149190000.0],
[-2040108200.0,2464223500.0,-6817634000.0],
[-8563101700.0,10343271000.0,-28616151000.0],
[-23443884000.0,28317606000.0,-78344720000.0],
[-9786619000.0,11821144000.0,-32704903000.0],
[-128160696.0,154803970.0,-428287170.0],
[-14495401000.0,17508820000.0,-48440685000.0],
[-5325916000.0,6433113600.0,-17798138000.0],
[-4825840.0,5828880.5,-16126786.0],
[-9029247000.0,10906321000.0,-30173927000.0],
[-23465214000.0,28343362000.0,-78415990000.0],
[-1462670100.0,1766742300.0,-4887949300.0],
[-9857424000.0,11906665000.0,-32941537000.0],
[-59172827000.0,71474160000.0,-197743700000.0],
[-3605870.8,4355309.0,-12049920.0],
[-29225611000.0,35301290000.0,-97666020000.0],
[-195494770.0,236135840.0,-653303900.0],
[-1809297700.0,2185429800.0,-6046308000.0],
[-21026834000.0,25398080000.0,-70267430000.0],
[-3000290300.0,3624015600.0,-10026366000.0],
[-1780053200.0,2150105900.0,-5948580400.0],
[-3282393900.0,3964764000.0,-10969096000.0],
[-26566509000.0,32089395000.0,-88779920000.0],
[-6060062.5,7319925.0,-20251546.0],
[-778123460.0,939886340.0,-2600332000.0],
[-21467992000.0,25930947000.0,-71741700000.0],
[-8484341.0,10247802.0,-28352632.0],
[-2315191300.0,2796491500.0,-7736903700.0],
[-18671920000.0,22553606000.0,-62397810000.0],
[-25553420000.0,30865678000.0,-85394420000.0],
[-872178.2,1053422.0,-2914573.5],
[-10168205000.0,12282058000.0,-33980103000.0],
[-11905842000.0,14380932000.0,-39786914000.0],
[-5187329000.0,6265714000.0,-17335003000.0],
[-1224059500.0,1478527400.0,-4090561800.0],
[-242917.72,293415.66,-811779.3],
[-4818981000.0,5820792300.0,-16104061000.0],
[-935130560.0,1129532300.0,-3125016800.0],
[-1090545400.0,1317256800.0,-3644383700.0],
[-65142224.0,78684660.0,-217692290.0],
[-53487630000.0,64607080000.0,-178744820000.0],
[-4089737700.0,4939946000.0,-13667076000.0],
[-40946510000.0,49458830000.0,-136834950000.0],
[-3385557200.0,4089375500.0,-11313848000.0],
[-57417904.0,69354430.0,-191879000.0],
[-10234234000.0,12361814000.0,-34200740000.0],
[-1760430500.0,2126402700.0,-5883004000.0],
[-2966892300.0,3583672800.0,-9914752000.0],
[-32157400000.0,38842544000.0,-107463560000.0],
[-50810954000.0,61373970000.0,-169799910000.0],
[-6177847000.0,7462148600.0,-20645116000.0],
[-21700056.0,26211202.0,-72517190.0],
[-1132848600.0,1368353500.0,-3785750300.0],
[-232510860.0,280847140.0,-777003970.0],
[-267990670.0,323702820.0,-895570600.0],
[-22092640000.0,26685446000.0,-73829120000.0],
[-15460415000.0,18674455000.0,-51665590000.0],
[-5695632400.0,6879686000.0,-19033650000.0],
[-2938846700.0,3549799000.0,-9821033000.0],
[-4399081000.0,5313600500.0,-14700845000.0],
[-7255758300.0,8764148000.0,-24247282000.0],
[-463770720.0,560183200.0,-1549828100.0],
[-32439106000.0,39182807000.0,-108404880000.0],
[-29594667000.0,35747060000.0,-98899380000.0],
[-1753110300.0,2117562400.0,-5858539000.0],
[-72763040.0,87889690.0,-243159460.0],
[-5003005.0,6043075.5,-16719035.0],
[-23322257000.0,28170680000.0,-77938280000.0],
[-31820065000.0,38435090000.0,-106336260000.0],
[-22892225000.0,27651258000.0,-76501170000.0],
[-1715541500.0,2072182700.0,-5732994600.0],
[-24608786000.0,29724660000.0,-82237590000.0],
[-8983743000.0,10851361000.0,-30021843000.0],
[-3400882000.0,4107884800.0,-11365058000.0],
[-23953710000.0,28933403000.0,-80048450000.0],
[-2990092300.0,3611698700.0,-9992283000.0],
[-60200854000.0,72715890000.0,-201179090000.0],
[-27275354000.0,32945592000.0,-91148706000.0],
[-37219164.0,44955324.0,-124377720.0],
[-19898212000.0,24034822000.0,-66495810000.0],
[-88951750.0,107443750.0,-297258620.0],
[-239573870.0,289378560.0,-800607600.0],
[-19008332000.0,22959954000.0,-63522005000.0],
[-173199470.0,209205680.0,-578797800.0],
[-91700696.0,110764220.0,-306445280.0],
[-57101252.0,68971944.0,-190820910.0],
[-15337819000.0,18526372000.0,-51255894000.0],
[-379137760.0,457955970.0,-1267001900.0],
[-54677040000.0,66043730000.0,-182719640000.0],
[-25448225000.0,30738620000.0,-85042840000.0],
[-26941813000.0,32542710000.0,-90034120000.0],
[-8851972000.0,10692193000.0,-29581507000.0],
[-16741298000.0,20221630000.0,-55946040000.0],
[-108649520.0,131236480.0,-363084830.0],
[-3321689900.0,4012231400.0,-11100415000.0],
[-5567056000.0,6724382000.0,-18603977000.0],
[-21758188000.0,26281470000.0,-72711460000.0],
[-15058702000.0,18189232000.0,-50323150000.0],
[-23784745000.0,28729328000.0,-79483820000.0],
[-2912575.2,3518066.8,-9733235.0],
[-87515496.0,105709096.0,-292459300.0],
[-11700538000.0,14132947000.0,-39100846000.0],
[-45279502000.0,54692577000.0,-151314940000.0],
[-276696030.0,334217860.0,-924662140.0],
[-543296.8,656303.9,-1815647.9],
[-8402921000.0,10149793000.0,-28080857000.0],
[-32778900000.0,39593243000.0,-109540460000.0],
[-28717234000.0,34687218000.0,-95967170000.0],
[-4109918200.0,4964321000.0,-13734517000.0],
[-130435816.0,157551860.0,-435890200.0],
[-34703520000.0,41917977000.0,-115972104000.0],
[-41838273000.0,50535985000.0,-139815100000.0],
[-19856956.0,23984288.0,-66357244.0],
[-4385736000.0,5297480000.0,-14656246000.0],
[-8323496000.0,10053855000.0,-27815438000.0],
[-149660030.0,180772700.0,-500133500.0],
[-2723292000.0,3289432600.0,-9100690000.0],
[-36052920000.0,43547910000.0,-120481554000.0],
[-2350703900.0,2839387600.0,-7855574500.0],
[-1192788.8,1440820.8,-3986121.8],
[-11685314000.0,14114556000.0,-39049950000.0],
[-10177950000.0,12293826000.0,-34012643000.0],
[-16327640.0,19721374.0,-54563100.0],
[-15903013000.0,19209062000.0,-53144654000.0],
[-20543064000.0,24813730000.0,-68650754000.0],
[-8572373000.0,10354468000.0,-28647145000.0],
[-28067610000.0,33902551000.0,-93796320000.0],
[-2799284700.0,3381223400.0,-9354646000.0],
[-1139714.8,1376634.5,-3808683.5],
[-1017763650.0,1229345300.0,-3401159400.0],
[-32039170000.0,38699750000.0,-107068430000.0],
[-23985857000.0,28972233000.0,-80155886000.0],
[-2626041.0,3171808.8,-8775546.0],
[-6834654700.0,8255499300.0,-22840035000.0],
[-80474960000.0,97204770000.0,-268930970000.0],
[-100748420000.0,121692880000.0,-336680800000.0],
[-20614437000.0,24899936000.0,-68889264000.0],
[-12243529000.0,14788815000.0,-40915382000.0],
[-6675158000.0,8062846500.0,-22307030000.0],
[-163355600.0,197315230.0,-545901300.0],
[-5613269000.0,6780199400.0,-18758408000.0],
[-26267517000.0,31728222000.0,-87780760000.0],
[-37496510000.0,45291606000.0,-125305780000.0],
[-3616565500.0,4368406500.0,-12085835000.0],
[-720532200.0,870322400.0,-2407872500.0],
[-15603593000.0,18847404000.0,-52144040000.0],
[-9398004000.0,11351740000.0,-31406234000.0],
[-9933398000.0,11998438000.0,-33195407000.0],
[-5555874.5,6710862.5,-18566588.0],
[-7263165400.0,8773094000.0,-24272040000.0],
[-14924686000.0,18027352000.0,-49875304000.0],
[-5495082000.0,6637447700.0,-18363462000.0],
[-2747321000.0,3318456300.0,-9180993000.0],
[-704699700.0,851198300.0,-2354964700.0],
[-12361980000.0,14931896000.0,-41311228000.0],
[-113688950000.0,137323540000.0,-379925560000.0],
[-1347189600.0,1627254800.0,-4502037000.0],
[-19906146000.0,24044417000.0,-66522296000.0],
[-95053170.0,114810490.0,-317645500.0],
[-45560060000.0,55031470000.0,-152252450000.0],
[-51778154000.0,62542240000.0,-173032140000.0],
[-66477120000.0,80296970000.0,-222153110000.0],
[-21615817000.0,26109506000.0,-72235710000.0],
[-78873936000.0,95270850000.0,-263580680000.0],
[-29375347000.0,35482140000.0,-98166400000.0],
[-236792050.0,286018340.0,-791311200.0],
[-3780115500.0,4565958000.0,-12632375000.0],
[-7893032000.0,9533902000.0,-26376925000.0],
[-2135363500.0,2579279600.0,-7135954000.0],
[-4613872600.0,5573042700.0,-15418631000.0],
[-3211709700.0,3879387000.0,-10732883000.0],
[-43439882000.0,52470510000.0,-145167320000.0],
[-3023980000.0,3652629800.0,-10105528000.0],
[-10622204000.0,12830437000.0,-35497250000.0],
[-38380932.0,46359824.0,-128261280.0],
[-40722490.0,49188216.0,-136086300.0],
[-523864260.0,632769700.0,-1750647800.0],
[-28530053000.0,34461110000.0,-95341674000.0],
[-3202202000.0,3867903500.0,-10701113000.0],
[-877025200.0,1059348860.0,-2930840800.0],
[-3324910300.0,4016120800.0,-11111175000.0],
[-16668773000.0,20134027000.0,-55703675000.0],
[-22983080000.0,27760994000.0,-76804825000.0],
[-6962515000.0,8409941500.0,-23267320000.0],
[-3750186800.0,4529807000.0,-12532368000.0],
[-11651357000.0,14073537000.0,-38936480000.0],
[-1942503300.0,2346326000.0,-6491455500.0],
[-23892990000.0,28860086000.0,-79845530000.0],
[-13283099000.0,16044502000.0,-44389446000.0],
[-15837466000.0,19129895000.0,-52925610000.0],
[-41631050000.0,50285654000.0,-139122560000.0],
[-13333749000.0,16105674000.0,-44558710000.0],
[-34322230.0,41457536.0,-114698070.0],
[-1837768400.0,2219818500.0,-6141449000.0],
[-11289003000.0,13635857000.0,-37725565000.0],
[-34135050000.0,41231330000.0,-114072470000.0],
[-2299157000.0,2777125400.0,-7683318000.0],
[-41697382000.0,50365776000.0,-139344220000.0],
[-16264153000.0,19645284000.0,-54351524000.0],
[-29098592000.0,35147870000.0,-97241604000.0],
[-467492930.0,564678900.0,-1562266200.0],
[-31180218000.0,37662204000.0,-104197990000.0],
[-167121260.0,201863900.0,-558485600.0],
[-12591606000.0,15209251000.0,-42078614000.0],
[-10546672000.0,12739202000.0,-35244830000.0],
[-3942746.5,4762220.0,-13175688.0],
[-617865660.0,746313000.0,-2064782500.0],
[-3595375.5,4342812.0,-12015012.0],
[-168281420.0,203265150.0,-562362430.0],
[-35353494000.0,42703094000.0,-118144246000.0],
[-8487563300.0,10252035000.0,-28363727000.0],
[-207425780.0,250547380.0,-693175300.0],
[-48173175000.0,58187796000.0,-160985100000.0],
[-11213276000.0,13544392000.0,-37472506000.0],
[-11910975.0,14386672.0,-39803628.0],
[-272109630.0,328678080.0,-909335100.0],
[-6074047000.0,7336768500.0,-20298234000.0],
[-2770176300.0,3346064400.0,-9257371000.0],
[-13582303000.0,16405905000.0,-45389308000.0],
[-21213751000.0,25623847000.0,-70892070000.0],
[-65540864.0,79165976.0,-219024130.0],
[-5856879600.0,7074457600.0,-19572500000.0],
[-20936536000.0,25288995000.0,-69965685000.0],
[-32518668000.0,39278936000.0,-108670820000.0],
[-13951892000.0,16852332000.0,-46624420000.0],
[-11563833000.0,13967823000.0,-38644007000.0],
[-3134721.8,3786385.8,-10475592.0],
[-27769397000.0,33542339000.0,-92799750000.0],
[-60513096000.0,73093060000.0,-202222520000.0],
[-22179342000.0,26790175000.0,-74118906000.0],
[-131813940000.0,159216420000.0,-440495570000.0],
[-39449610000.0,47650734000.0,-131832660000.0],
[-3197446.8,3862165.0,-10685226.0],
[-46676312000.0,56379785000.0,-155982840000.0],
[-4334446600.0,5235530000.0,-14484845000.0],
[-7934769000.0,9584314000.0,-26516384000.0],
[-7998203400.0,9660939000.0,-26728378000.0],
[-10606998000.0,12812068000.0,-35446444000.0],
[-6829818400.0,8249662000.0,-22823862000.0],
[-126559920.0,152870270.0,-422937860.0],
[-2000660000.0,2416574000.0,-6685801500.0],
[-252300700.0,304751000.0,-843138050.0],
[-11716161000.0,14151814000.0,-39153054000.0],
[-10314239000.0,12458454000.0,-34468110000.0],
[-40139366000.0,48483870000.0,-134137635000.0],
[-26077479000.0,31498676000.0,-87145700000.0],
[-25673669000.0,31010940000.0,-85796240000.0],
[-1055795100.0,1275282700.0,-3528253200.0],
[-4992154.0,6030003.0,-16682811.0],
[-2175881000.0,2628221700.0,-7271354000.0],
[-2747054600.0,3318135000.0,-9180100000.0],
[-37249147000.0,44992827000.0,-124479170000.0],
[-3718919700.0,4492040700.0,-12427878000.0],
[-127308390000.0,153774300000.0,-425439070000.0],
[-27922072000.0,33726763000.0,-93309960000.0],
[-18889010000.0,22815818000.0,-63123263000.0],
[-12114314000.0,14632743000.0,-40483590000.0],
[-24330566000.0,29388616000.0,-81307860000.0],
[-42992144.0,51929804.0,-143671100.0],
[-4295079400.0,5187973600.0,-14353290000.0],
[-3360885800.0,4059573500.0,-11231398000.0],
[-40173310.0,48524844.0,-134251000.0],
[-12208624.0,14746647.0,-40798730.0],
[-20813994000.0,25140980000.0,-69556175000.0],
[-20560871000.0,24835244000.0,-68710265000.0],
[-961484400.0,1161365200.0,-3213087200.0],
[-2058639700.0,2486607000.0,-6879559700.0],
[-10310098000.0,12453448000.0,-34454274000.0],
[-33209018000.0,40112783000.0,-110977800000.0],
[-7107733500.0,8585346000.0,-23752616000.0],
[-3660504000.0,4421480000.0,-12232661000.0],
[-24214225000.0,29248074000.0,-80919030000.0],
[-10575113.0,12773165.0,-35339492.0],
[-9657729000.0,11665456000.0,-32274176000.0],
[-18228357000.0,22017823000.0,-60915500000.0],
[-34076703000.0,41160890000.0,-113877470000.0],
[-24641810.0,29764510.0,-82347910.0],
[-16390972000.0,19798473000.0,-54775304000.0],
[-2296538400.0,2773962500.0,-7674566700.0],
[-5402866700.0,6526060000.0,-18055289000.0],
[-1838842400.0,2221115100.0,-6145043000.0],
[-553360.1,668402.1,-1849222.2],
[-18745035000.0,22641910000.0,-62642127000.0],
[-2847338500.0,3439266600.0,-9515231000.0],
[-3956992.8,4779627.5,-13223495.0],
[-5054020000.0,6104691700.0,-16889516000.0],
[-42932265000.0,51857367000.0,-143471030000.0],
[-1433890800.0,1731980700.0,-4791773000.0],
[-4741314600.0,5726981600.0,-15844524000.0],
[-707177400.0,854191900.0,-2363244300.0],
[-42566130000.0,51415142000.0,-142247350000.0],
[-12445948000.0,15033308000.0,-41591837000.0],
[-5864447000.0,7083601000.0,-19597790000.0],
[-26598998.0,32127696.0,-88887560.0],
[-14051372000.0,16972494000.0,-46956847000.0],
[-81417740.0,98343650.0,-272081730.0],
[-27036793000.0,32657418000.0,-90351500000.0],
[-15506330000.0,18729918000.0,-51819030000.0],
[-21467480000.0,25930320000.0,-71739990000.0],
[-28297708000.0,34180475000.0,-94565286000.0],
[-2167893200.0,2618573000.0,-7244662000.0],
[-22762740.0,27494050.0,-76067690.0],
[-3430554000.0,4143727900.0,-11464221000.0],
[-23050447000.0,27842374000.0,-77029925000.0],
[-14106614000.0,17039213000.0,-47141450000.0],
[-5504111000.0,6648355000.0,-18393629000.0],
[-22147183000.0,26751332000.0,-74011430000.0],
[-22427544000.0,27089965000.0,-74948350000.0],
[-51327860000.0,61998313000.0,-171527320000.0],
[-107149990.0,129425110.0,-358073470.0],
[-45955056000.0,55508580000.0,-153572460000.0],
[-16568975000.0,20013476000.0,-55370180000.0],
[-47833977000.0,57778110000.0,-159851450000.0],
[-32509581000.0,39267942000.0,-108640410000.0],
[-23216177000.0,28042564000.0,-77583740000.0],
[-19849562000.0,23976071000.0,-66333237000.0],
[-2214081300.0,2674363100.0,-7399011000.0],
[-16572943000.0,20018266000.0,-55383440000.0],
[-5188123600.0,6266676000.0,-17337663000.0],
[-37011403000.0,44705673000.0,-123684660000.0],
[-26722281000.0,32277535000.0,-89300440000.0],
[-14350266000.0,17333529000.0,-47955690000.0],
[-835491.06,1009216.56,-2792078.8],
[-29353667000.0,35455967000.0,-98094020000.0],
[-8978579000.0,10845116000.0,-30004589000.0],
[-25480980000.0,30778184000.0,-85152330000.0],
[-5750078000.0,6945453000.0,-19215600000.0],
[-9987682000.0,12064005000.0,-33376820000.0],
[-9447425000.0,11411436000.0,-31571393000.0],
[-9871339.0,11923447.0,-32987992.0],
[-12025377000.0,14525314000.0,-40186384000.0],
[-24891752000.0,30066465000.0,-83183180000.0],
[-33219322000.0,40125240000.0,-111012274000.0],
[-36788260000.0,44436120000.0,-122938920000.0],
[-4044309800.0,4885077500.0,-13515264000.0],
[-100965930.0,121955540.0,-337407500.0],
[-55830970000.0,67437630000.0,-186575830000.0],
[-2272392700.0,2744796700.0,-7593878000.0],
[-435237440.0,525718100.0,-1454475600.0],
[-101511690000.0,122614820000.0,-339231600000.0],
[-4170974.5,5038190.5,-13938670.0],
[-19254432000.0,23257199000.0,-64344433000.0],
[-1780502000.0,2150647000.0,-5950078000.0],
[-692629700.0,836619140.0,-2314628000.0],
[-1401845100.0,1693271900.0,-4684685000.0],
[-4900058000.0,5918722600.0,-16375011000.0],
[-1683009000.0,2032887000.0,-5624278000.0],
[-21966547000.0,26533147000.0,-73407770000.0],
[-646374.75,780798.06,-2160101.2],
[-12639418000.0,15267014000.0,-42238380000.0],
[-13469011000.0,16269062000.0,-45010720000.0],
[-30454241000.0,36785330000.0,-101771895000.0],
[-10838890000.0,13092174000.0,-36221374000.0],
[-5851907600.0,7068450300.0,-19555895000.0],
[-16077595000.0,19419929000.0,-53728076000.0],
[-299122900.0,361306880.0,-999608060.0],
[-8290382.0,10013538.0,-27704482.0],
[-45820084.0,55345610.0,-153121500.0],
[-442483900.0,534471140.0,-1478691700.0],
[-26076936000.0,31498031000.0,-87143800000.0],
[-14540141000.0,17562864000.0,-48590200000.0],
[-20186515000.0,24383054000.0,-67459240000.0],
[-3257223200.0,3934363100.0,-10884982000.0],
[-269640500.0,325695550.0,-901084200.0],
[-2423817500.0,2927701000.0,-8099908000.0],
[-14443074000.0,17445616000.0,-48265847000.0],
[-39101910.0,47230720.0,-130670696.0],
[-69791880000.0,84300810000.0,-233230450000.0],
[-1744193400.0,2106790500.0,-5828741600.0],
[-5790739000.0,6994564000.0,-19351482000.0],
[-1738361700.0,2099747600.0,-5809253400.0],
[-29260399000.0,35343294000.0,-97782350000.0],
[-11591440000.0,14001169000.0,-38736257000.0],
[-45790660000.0,55310017000.0,-153023100000.0],
[-4679568000.0,5652397600.0,-15638168000.0],
[-27189450000.0,32841820000.0,-90861660000.0],
[-15917568000.0,19226642000.0,-53193294000.0],
[-154503310.0,186623020.0,-516319170.0],
[-99460344.0,120137040.0,-332376420.0],
[-5096538600.0,6156052000.0,-17031603000.0],
[-22113165000.0,26710237000.0,-73897740000.0],
[-26181937000.0,31624862000.0,-87494730000.0],
[-35174773000.0,42487198000.0,-117546990000.0],
[-30455308000.0,36786614000.0,-101775510000.0],
[-13519884000.0,16330509000.0,-45180730000.0],
[-32723317000.0,39526120000.0,-109354710000.0],
[-90216980.0,108971950.0,-301486800.0],
[-9952294000.0,12021256000.0,-33258570000.0],
[-997595140.0,1204983800.0,-3333762300.0],
[-23462257000.0,28339800000.0,-78406110000.0],
[-4399350300.0,5313922600.0,-14701732000.0],
[-38809364.0,46876076.0,-129691790.0],
[-1931819900.0,2333422800.0,-6455751700.0],
[-8861382000.0,10703559000.0,-29612952000.0],
[-86879390.0,104940680.0,-290333380.0],
[-4538819000.0,5482385400.0,-15167817000.0],
[-13380759.0,16161995.0,-44715340.0],
[-5007139000.0,6048063500.0,-16732848000.0],
[-594180160.0,717703360.0,-1985630200.0],
[-378519970.0,457209900.0,-1264937200.0],
[-39056208000.0,47175537000.0,-130517950000.0],
[-18972617000.0,22916807000.0,-63402676000.0],
[-25986804.0,31388254.0,-86841780.0],
[-230208000.0,278065570.0,-769308200.0],
[-752613200.0,909072300.0,-2515081700.0],
[-60925264000.0,73590940000.0,-203599870000.0],
[-1897042600.0,2291415300.0,-6339534300.0],
[-8995182000.0,10865179000.0,-30060085000.0],
[-292740.75,353631.47,-978311.56],
[-11469671000.0,13854081000.0,-38329320000.0],
[-10155275000.0,12266438000.0,-33936878000.0],
[-19361337000.0,23386330000.0,-64701700000.0],
[-32459168000.0,39207043000.0,-108472030000.0],
[-15593017000.0,18834622000.0,-52108743000.0],
[-19951045000.0,24098642000.0,-66672366000.0],
[-1434349400.0,1732533600.0,-4793307600.0],
[-12390061000.0,14965813000.0,-41405080000.0],
[-3217033000.0,3885816600.0,-10750673000.0],
[-31626105000.0,38200795000.0,-105688060000.0],
[-9937104.0,12002958.0,-33207846.0],
[-42582428.0,51434896.0,-142301920.0],
[-3354983200.0,4052445000.0,-11211675000.0],
[-36958070000.0,44641206000.0,-123506426000.0],
[-8951770000.0,10812739000.0,-29915023000.0],
[-24211081000.0,29244285000.0,-80908540000.0],
[-7499185700.0,9058181000.0,-25060766000.0],
[-7126435000.0,8607943000.0,-23815113000.0],
[-55455376.0,66983980.0,-185320750.0],
[-133520460.0,161277730.0,-446198400.0],
[-90128000000.0,108864580000.0,-301189630000.0],
[-47655170000.0,57562132000.0,-159253940000.0],
[-77778090000.0,93947210000.0,-259918560000.0],
[-2736234.8,3304893.5,-9143777.0],
[-15097208000.0,18235746000.0,-50451810000.0],
[-20784136000.0,25104916000.0,-69456380000.0],
[-4994618000.0,6032942600.0,-16691005000.0],
[-32459720000.0,39207707000.0,-108473840000.0],
[-17529893000.0,21174147000.0,-58581340000.0],
[-12716746000.0,15360403000.0,-42496800000.0],
[-16460978000.0,19883016000.0,-55009260000.0],
[-36362793000.0,43922186000.0,-121517140000.0],
[-25659752000.0,30994110000.0,-85749730000.0],
[-4068431000.0,4914212000.0,-13595874000.0],
[-5161534000.0,6234559000.0,-17248805000.0],
[-38129046000.0,46055625000.0,-127419490000.0],
[-565944700.0,683598300.0,-1891273500.0],
[-8188513000.0,9890807000.0,-27364356000.0],
[-4564234000.0,5513087500.0,-15252747000.0],
[-36477260000.0,44060463000.0,-121899670000.0],
[-40121360.0,48460764.0,-134076150.0],
[-9317574000.0,11254593000.0,-31137438000.0],
[-15154967000.0,18305501000.0,-50644836000.0],
[-77462770000.0,93566360000.0,-258864860000.0],
[-15433827000.0,18642340000.0,-51576734000.0],
[-6541965.5,7901703.0,-21861666.0],
[-10522624000.0,12710151000.0,-35164467000.0],
[-37030840000.0,44729115000.0,-123749550000.0],
[-5658278000.0,6834569000.0,-18908826000.0],
[-15410670000.0,18614368000.0,-51499344000.0],
[-558584640.0,674708000.0,-1866677100.0],
[-118618780.0,143278290.0,-396400130.0],
[-29163266000.0,35225990000.0,-97457740000.0],
[-238489100.0,288068160.0,-796982500.0],
