0.58495533
-1.314867
-0.6680211
0.103229225
-0.9840867
0.8555456
-0.16045694
1.0293276
0.35069808
-1.0915985
-0.14194281
0.1966113
0.49771625
1.4453954
1.8808614
-0.27667794
0.33223653
-0.53337103
0.7138531
0.9390018
0.0079869805
1.1421502
-0.4383591
0.74616796
0.60122776
1.6485858
-0.26029968
1.5619186
0.080771714
0.9346058
0.69094753
0.12221723
0.7942677
0.62423277
-1.5129014
0.5381221
-0.6061323
0.44171998
1.1093997
2.1556704
-1.1003711
-0.033444438
-0.63809514
0.3143598
1.2189496
-0.568082
1.4707716
0.7847462
0.7120834
0.91808736
0.5502748
0.7414875
0.43310565
-0.5777118
1.050494
-1.3516366
-0.38381884
0.5825688
-0.7863148
0.5419178
0.4752879
0.007908904
0.29795817
0.25944573
-0.7683502
-0.066939205
-0.1992037
-0.045700666
0.33856788
0.41517696
-0.17541859
0.06937499
1.0031271
-0.4318045
0.24572213
0.025076745
-0.68404084
-1.1890297
-0.8700974
0.8793282
-0.30674437
0.009690552
1.3121376
-0.16488545
0.08455537
0.56993407
1.7147917
-0.06789579
0.5974058
-0.89491963
-0.076711886
-1.0346376
1.0394074
-0.5335192
-1.1881382
1.1498495
1.0135121
0.8460579
-0.4740713
-0.84222436
-0.59582794
0.9065407
0.8456424
-1.2514491
-0.5005516
-0.5165611
0.81931907
-0.071102545
-0.30594644
-0.4878094
-0.30941278
-1.0349684
0.20942047
0.65870696
-1.1069654
0.13292672
-0.6784594
-0.9106273
0.7836105
-2.0285814
1.2775097
1.9057093
0.8433689
1.0875437
1.0010041
-0.25760803
-0.12170402
0.64385104
0.3900945
-1.2785
0.2766102
0.9292646
0.29812896
-0.60587895
-0.88926405
-0.8159017
0.79192156
-0.68769747
0.23474048
-0.27605897
-0.02414181
0.7855663
0.30939898
-0.080582246
-0.4615372
0.061584774
1.3932248
1.6189238
0.5143101
-0.49944302
0.36329216
-0.56852144
0.113901794
-0.75825095
0.11415689
0.09356876
-1.29752
-1.2222522
0.9927898
0.83739704
0.51927763
-1.2016567
0.7542508
0.8552727
-0.25211912
0.39109161
1.2858299
0.45453894
-0.754091
0.7039767
-0.41976157
-0.57989246
-0.5844603
-0.87347364
-0.33489493
-1.5211233
0.23753989
0.5090399
0.923064
0.46149844
-0.11960445
-0.1696916
0.15274161
-0.031591248
0.531866
-1.4985979
0.2507953
1.2299123
-0.66544294
0.504381
0.55033374
0.57453346
-0.09800744
1.235608
-0.71011996
0.020827906
0.7542227
2.2419417
0.9102176
-0.13684733
-0.40355748
0.63586587
0.83154416
-1.142239
-0.8438421
0.8935604
-0.23182446
0.66379786
-0.84640366
1.2607304
-1.1150779
0.80251354
-0.29014668
-0.36354473
0.64131963
-0.09253434
-0.42956883
-0.049956184
0.085470475
0.93268126
-0.2362121
-0.40988266
0.43680063
1.0854323
-0.031270977
-0.3923228
-0.57304466
0.7181922
0.06451645
1.3010007
0.44935742
0.8654065
0.92919815
1.235164
-0.52347136
-0.7045794
0.64382136
-1.415539
-1.3241751
-0.7968424
0.94453824
0.84102434
-0.54868275
-0.4506582
-0.14332856
-0.11770035
0.42209294
-0.36662877
0.12350464
0.24427985
0.51045036
0.5573683
0.114082806
0.13807277
-1.1793215
-1.2063228
0.902659
-0.9139465
0.84374034
-0.6114371
0.6361147
-0.6992984
-0.5220226
0.9696569
-0.5452253
-1.8271253
-0.032050382
0.17136617
0.36220294
0.434793
-1.0290082
1.7076235
-0.68977803
-1.5253388
1.4371266
-0.41377243
-0.1458709
-0.24550419
-1.6480205
1.9831722
0.6035053
0.39115202
-0.3374444
-0.18377897
-0.38375333
1.7860454
-0.8811104
1.1436586
-0.96645397
-0.4152255
0.8047771
-0.07248418
-0.97168136
0.934323
-1.0609418
-0.40977508
0.006941274
1.0671253
-0.57828623
-1.6622933
1.7866023
-1.556752
0.9514257
0.32615936
-0.7490343
-0.631084
0.095987044
-0.4920995
1.0895911
-1.4782921
-0.8082609
0.560974
0.32791483
0.8125557
0.43769592
0.24993752
-0.5439016
-0.6063595
-1.4776675
-0.65359485
0.023156073
-0.24919888
1.2150927
-0.8542759
-0.22399631
0.64710724
0.6660104
-0.2548127
1.5105768
-0.22047849
-0.3809525
0.23682034
-0.32802063
-0.13940465
0.29196367
-0.24898309
1.1666347
0.7458393
0.65219027
0.106547184
-0.20980346
-0.64941907
-0.3920232
0.7518038
0.4827181
0.57029593
-0.4441278
-0.87883484
0.70939475
0.58739215
-0.006645323
-1.0308856
0.19488104
1.5857828
-0.19447751
0.51486987
-0.22652632
-0.8660646
-1.7320834
0.042927917
0.041829295
-1.1131232
-0.1099235
0.17282717
-0.3547139
0.275937
1.4425097
0.0015215061
-0.5180578
-1.6142124
0.61779004
0.003385097
0.5927819
0.73760873
-0.5670411
0.8595388
-0.009400817
0.35743278
-1.7617619
-0.6520177
0.60143274
-0.8370825
0.10729892
1.1529343
-0.15002698
1.4561633
-0.46054277
-0.5211616
1.0927229
-0.2962164
-0.94078743
-1.0912269
-0.105065316
-1.1919744
-0.77529275
0.4386787
0.32319033
0.041215144
0.24050848
-0.36572093
-0.20243597
-0.11963812
0.2548105
-1.5842582
-0.02679967
0.9180628
-1.3892385
0.61273175
-0.8708802
-0.66704804
-0.28940174
0.27307925
-0.025332283
0.29343498
-0.6857562
0.45273292
-0.3233128
1.2683523
0.5700203
-0.1012662
0.026169807
0.104429424
-1.140749
0.17385095
-1.1990471
-0.44105098
-1.1553802
0.8664662
0.23111024
0.8459535
0.89266604
-0.07092926
-1.0159504
0.89605975
0.6657721
-0.80686015
0.52042735
-1.0458356
-0.6711466
0.07213843
-0.5828071
-0.90557367
0.72675806
0.3323336
-0.08728161
-0.61555153
-1.1817755
-0.5406277
0.45692635
0.046795517
-0.32414782
0.018472102
0.265983
-0.32389164
0.8003662
0.23262322
-0.95535076
-1.0877491
-1.0507021
0.5179
-0.33443525
-0.27434528
-0.30863485
0.9042608
0.687487
1.1929315
1.2266839
1.2029275
-0.39485788
-0.42470035
0.52527153
-0.32769454
0.2385533
-0.68818843
-0.08523827
-0.076866135
0.035577506
0.57359964
0.52063215
0.76191616
-0.23854285
0.7019097
-0.8508597
0.21280201
-0.14814913
0.5986482
-0.9876591
-0.50586027
-0.72509265
0.36010832
1.2586639
-1.6180124
-0.9072277
-0.66198575
0.1640805
1.482933
-0.19095209
-0.75971925
0.040068448
0.2340937
-0.2616041
0.534314
1.1782465
0.10931279
-0.26569676
-0.54570407
-0.8949004
0.6352125
-1.1267985
2.185413
1.5206866
-0.549144
2.1202366
-0.6748584
0.68582594
0.55786806
-1.4470574
-0.43310374
0.84870756
0.16051558
2.1603215
-1.0441997
-0.021174796
-0.6841765
-1.3267514
0.13205962
0.4199605
0.55241406
1.4912483
0.5997479
-0.8764826
1.8045212
0.9991212
0.95607835
-1.1293298
0.3527896
0.60364425
0.02396511
0.31969836
1.0126021
0.63945335
0.26768592
1.3396676
-0.471958
0.53463346
1.6489828
0.12885794
-0.110176876
-0.043692898
-0.3686875
2.2544315
0.58773065
1.0518292
0.53259605
0.12546167
1.1330665
-0.45961133
-0.34098077
0.27115119
0.79193085
0.033074655
0.06425653
0.26460484
0.8314836
1.098576
-0.4724441
-1.3108089
0.20726876
0.301426
0.36448485
0.5244541
0.9304388
-0.834085
0.768792
-0.35964432
-0.27470747
-1.1861864
0.657881
-0.19505373
0.1997202
-0.40001675
0.29043004
0.03390155
-0.18281732
-1.1810611
2.4577453
1.1743187
0.22075836
0.74415904
0.07928831
-0.041990254
-1.0996197
0.7311603
-0.065952525
0.7720874
0.33915716
-0.102259904
-0.60215425
-0.2518759
-0.92980963
0.21209724
-1.4527069
0.5971415
0.040569156
-0.75133216
0.039619494
0.02817392
-0.024180515
-1.2784799
-0.4290918
1.0446829
-0.74593997
-0.43329218
0.38210136
0.6501323
0.03532774
0.04160906
-0.48071516
-0.5650356
0.18362461
-0.4534879
1.179434
-0.2707087
0.50362074
1.1122433
-0.7011688
-0.35004672
0.21578085
0.052741677
0.6938441
-0.9847771
0.8527144
0.51410544
1.0571876
-0.38553688
1.5204573
1.4501367
-0.64568305
-0.31252033
0.08136918
-0.15954113
-0.32175153
-0.5577637
0.87686116
-0.13192901
1.5637063
-0.09969062
0.095083065
0.29757416
0.15882699
-0.5123067
0.097047135
0.98388433
0.056309234
0.5304793
-0.14046834
-0.52808505
-0.23900878
0.45267788
-1.0593452
-0.03853504
-1.1102952
-0.8555659
0.65240556
-0.3131434
0.24935554
-0.27582383
0.17706199
-0.5312165
-0.6134514
0.83567363
-1.6144973
0.19641167
-0.7315612
1.4903886
-0.6813684
-0.06177782
0.19782664
1.1605407
1.8767577
-1.2602897
1.3359476
-0.39394823
-1.0016004
0.97818583
0.2910737
-0.55814314
0.68582505
0.6536083
-0.034633525
-0.6164607
-0.83788306
-0.44683823
-0.016729916
-0.5300767
-0.38941583
-0.68521464
1.4325366
-0.9752002
-0.29276255
0.18760161
0.43461812
0.032190844
-0.82035077
-1.5782423
-0.9638891
-1.3804731
0.97266084
-0.63779986
0.11273073
0.13733904
-1.3789163
0.31640676
0.7322854
-0.28012785
-0.18793714
2.1605542
-1.6310128
-0.5496872
-0.68559766
0.015797911
-0.6160999
0.13312885
-0.18137911
0.035762943
0.8208875
-0.78232634
0.37671417
0.41410276
0.46002635
-0.46453866
-1.5349487
0.7522641
-0.27097988
0.14803098
0.35644212
-0.28462777
0.38023412
-0.8757251
-0.517491
-0.67041135
0.31870374
-2.1129937
1.2122481
0.6773335
-0.3648348
-0.33039325
-0.8754942
-1.5549295
-0.09496937
-0.9095884
0.796563
-0.4202011
-0.5715777
-0.69632965
-0.16315079
-1.350402
-0.11365841
1.8158935
0.46755254
1.5411785
-0.37634015
-0.60538745
0.61328644
1.2258813
1.0790606
0.6673664
-0.8065705
-1.882903
-0.19749951
-0.57172495
-0.045286838
-0.13725181
-0.5958145
0.57343954
-0.3818665
0.40803313
1.4936618
0.915506
0.53661436
0.55170584
-0.8204216
-1.1261611
0.14616905
-1.0923024
-1.4628075
1.4515636
0.22055039
0.9363775
0.63646716
1.363687
-1.0117764
-0.6582322
0.43087128
0.077746555
1.1023568
-2.0592394
-0.063570775
-0.92427826
0.28822014
-1.1268333
-1.2664934
0.9016046
0.8612429
-0.3024953
-0.69131255
0.9531585
-0.21754496
0.21754017
-0.2024127
-0.3067844
-0.119093396
-0.83157945
-0.82716316
-0.550804
-0.26535296
0.5553285
-0.9491647
-0.44882575
0.13066058
0.23096742
0.48615816
1.1909904
-1.3031251
0.18541718
0.36328456
1.2405531
-1.4418467
-0.66363364
-0.7161435
-0.12637652
1.1117964
-0.022579527
-1.0990175
-0.7876973
0.00495391
0.40815184
-0.8185671
0.6332607
0.6559133
-1.3856404
-0.058841404
1.3183975
-0.5329015
-1.1012552
0.024090195
0.9227013
1.1661402
0.17286354
-0.6720883
0.118277945
1.4799143
-1.1550256
0.80329424
1.2778189
1.0978979
-0.49300212
0.71146023
-0.1281473
-1.0623024
0.53671885
-0.5306493
0.8211648
-1.2163906
-0.036798086
0.8587429
0.018631876
-0.24102989
-0.17828648
-1.2591615
0.6059814
0.8536167
-0.3572879
-0.056195
1.2549126
-0.20728058
0.45932564
0.46376833
0.014936792
-0.074070394
0.6399109
0.3179807
0.08996132
-0.6032656
-0.30628276
0.3977402
0.035365228
-1.0329878
0.8066095
-0.0144182
1.1580591
-0.06184707
-0.92520577
0.9930851
-0.07619917
0.83840775
0.11517757
0.22851956
-1.9357965
1.4368349
-0.7944934
-0.07555584
0.31487277
-0.094520755
-1.100906
0.35345277
-0.62949556
-0.721667
1.0308888
-0.69942504
1.1969157
0.79865354
0.2028898
0.07680388
0.2819005
0.028735122
0.9455131
-0.2706836
-0.48816565
-0.2028945
0.8243032
-0.24521698
-0.61586344
0.059478607
-0.29612404
-0.5993951
-1.2517796
-0.71363646
-0.69296813
0.59376603
0.14862646
-1.349925
1.7987266
1.3898629
0.5752709
-1.0478307
0.019712372
-0.60407156
1.0826294
-0.28130308
-0.62053084
1.9053823
0.7021838
1.6022681
0.7996212
-1.2873622
0.8484445
-1.1324288
-0.9986543
0.30014747
-1.1483607
0.72574985
0.28763142
0.33937892
0.2569665
-1.0804944
0.1581568
0.81886977
2.0456648
1.6535696
0.06329845
-0.24403408
1.4887209
-1.3053561
-0.049088493
-0.40563133
-0.8464914
0.63050395
0.6817108
-0.0120347
-1.5274596
-1.4217433
-1.0401833
-0.59895456
0.63303375
0.9851528
1.1973144
-0.98708147
-0.62814045
0.68887067
-1.2447059
-1.183143
-0.012260395
-0.04110058
-0.6133938
-0.39929226
1.5031788
0.28117847
0.60245794
-0.5160973
0.023495179
-0.18356654
-1.2500253
-1.7099822
0.493879
0.022438405
-0.35952902
0.13473147
0.24857439
-0.37763363
