0.018338863
-0.4212565
1.0341665
-2.049312
0.36016673
0.29438236
-0.1999673
-1.3380712
1.0960716
-0.6396765
-1.3209494
-1.3424264
-0.5397369
-0.5446034
1.2049979
0.54612625
2.5921445
0.38688943
1.3721024
-0.07651034
0.99916756
1.447302
-0.526805
0.66665417
0.7726148
-1.3137416
-0.0040584514
-0.31472626
0.25372842
0.9763132
-0.2897336
-1.071445
-0.9459814
0.20901015
0.91530484
-0.16160262
1.3416752
0.080848694
2.3428059
1.0404104
0.6901803
0.49442747
0.08638143
-0.6888614
1.0223428
-0.6572767
0.9562954
-0.71470696
-0.26976293
-0.18571189
2.5980597
2.1903467
0.35446873
1.7330209
-1.3832713
0.3441957
-0.4277565
-0.042015254
1.6648557
-0.36047053
0.67147994
0.8315867
-0.4928122
-0.9611697
-0.39733672
0.52584153
0.95668375
1.1205664
1.9776624
-0.2840145
-0.100215636
-0.9166573
-0.25195968
-0.27458632
0.8961176
0.55475503
-0.0007304471
-0.62225634
0.06154526
1.0856692
0.07770631
1.3590363
1.518349
-0.9204698
-1.3095163
0.7217513
-0.85018253
0.053137485
-0.09735442
-0.800112
-0.6059323
-1.3617892
0.96729684
0.8787417
0.30957913
0.5396409
-0.025145127
-0.7835854
-2.1852744
0.7326846
0.25395566
-2.0235178
-0.5279514
2.075179
0.28827924
0.3171493
-1.4630437
0.55866426
0.71434337
0.5279624
1.7143366
1.1250652
-0.060456656
-0.27285978
1.7186961
0.37449107
0.59146065
-0.7903882
-0.4669316
-0.23816703
-0.98643863
0.12216556
-0.8218957
-0.18645212
-0.82058
1.0967277
0.31216946
0.90794885
0.07011165
-1.327326
0.4820714
0.06667293
0.1557808
-0.534037
3.5862498
1.1056292
0.5955197
0.5800782
0.044072755
-0.68891245
-1.1008304
0.34009892
-0.0031638516
1.4090424
-0.98142046
-0.56685066
-0.96140444
0.3664937
0.21765159
1.9008433
1.5346562
-0.2523287
-0.34650004
-1.0813333
0.75565374
-1.6200354
-1.4370317
-0.35495824
1.5321655
0.5004833
-0.004646759
-1.002001
2.2830925
-1.3299108
-1.4401557
0.33421493
1.6973044
-0.10061836
-0.12748258
0.7547079
-1.0715247
0.891989
0.16644087
0.6591964
1.6069529
-0.32531086
-0.13016401
2.2119389
1.4382604
0.23577525
-0.61599845
2.316683
-0.72902584
-3.4914951
0.80809766
-0.21049549
-0.14358857
0.4274233
-1.9900141
-0.26036555
-1.1550359
-1.2682405
-0.7336679
0.07828706
-0.08730492
-1.0342907
-0.56885743
-1.8103064
-0.038167648
-0.7329349
-0.87975746
1.4223115
-0.21240403
0.57827073
1.1113172
0.64444417
0.1837162
1.40004
0.6430789
-0.46057722
0.13333327
-1.0888547
-0.32741225
-0.32661945
-1.3240296
-0.08387418
0.45226246
-0.47797686
0.19142798
-0.14929579
-0.027192647
0.53947914
1.3666952
0.5157534
-1.4280026
-0.37145302
-1.0974038
0.27651873
0.2480956
-0.11786476
0.48639718
1.2408882
-1.5796627
-0.5670993
1.8841902
-0.47318387
-1.0121157
0.282762
1.4771441
-0.4058949
0.07148409
-0.70234364
-0.39192513
-0.43204924
-0.8887717
-0.252596
-1.3623227
0.970287
0.1993454
-0.8548013
-0.9903604
1.2175963
-0.20583248
1.2306883
-1.0175267
-0.8801708
-0.94564915
-0.14922063
1.5079304
-1.6470807
2.8621418
1.3792864
0.20719044
-0.56793165
0.47307742
-0.46516284
0.37353468
-0.54684895
1.3986179
-1.4401926
1.1382293
-1.2061946
-0.582579
-2.2608185
-1.2050575
1.3910474
-0.8623349
-1.5235633
1.6882372
-0.9172728
0.3671071
-0.87996614
0.3611778
0.041350905
-0.58181417
-0.40608454
0.40564382
1.6716077
-2.1974049
-1.3980057
1.353907
2.9475029
-1.6793971
-0.5245003
0.34932002
1.621325
-0.22974205
1.3343362
0.15960234
-1.0637722
-0.5470197
0.92625284
-0.06096909
0.23376763
0.13656266
1.6802332
-0.3390869
-1.6230335
0.16127664
-0.65512925
-0.521739
1.070149
-0.5502862
0.09211535
-0.00288055
-0.6812296
0.09690812
-0.023509808
1.5651919
0.73579216
-1.0724458
-0.958244
-1.0935673
-0.5074625
0.7333065
0.44580817
-0.6468454
-0.18065768
1.4027417
-0.6277556
-0.10018126
-0.0067062187
0.66239554
1.1472962
-0.79443586
-0.043603215
-0.78832215
-1.9018645
-0.4225123
1.2888166
1.4377772
-1.4004543
0.45814952
0.36080515
0.7334472
-1.4038186
-0.67671245
1.0007856
-0.47201154
0.6582223
0.8652315
0.7265987
-1.2871201
-0.92698354
1.909284
0.038190763
0.15234606
0.5355816
-0.84688383
-0.463791
-0.32782987
0.8338132
-0.16736142
0.10283944
1.2079445
-0.2430438
0.023414278
1.8264581
-1.1043696
0.7532381
0.4358564
-0.13110043
1.1930978
0.57799184
0.30891258
-0.38869682
0.56368756
1.4232023
-0.5053491
-1.0312865
-1.0524944
1.026398
0.118826054
-0.2579581
0.34258726
-1.0295453
0.03445501
0.43012622
-0.029199552
-0.58928406
0.7310361
0.67008144
-0.31563643
-0.5483584
0.40559953
-0.04987237
-0.20157364
-0.81907463
0.38186538
0.7702999
0.8728849
-0.52214587
0.5004511
-0.27668145
1.7171383
-2.1855915
-0.1670453
-0.75105417
-1.4964666
-0.6853013
-1.522132
-0.37792358
1.2384052
0.835663
1.837073
-0.19473162
0.06003376
-1.1990542
-1.275626
0.46297857
-0.59249085
-1.3363191
-0.31072333
-0.24726091
0.3917075
0.42475808
-0.08009181
-0.090949595
2.0701225
0.6979957
-1.6418437
-1.5946591
-2.2012773
-1.0579518
-0.24134812
-0.36025447
0.33241507
0.99100804
-0.043739934
0.61714226
-0.8367645
-1.5099382
-0.74322504
2.4326475
0.4755269
-1.2289301
-0.9734576
1.9685423
-1.0946949
-0.06180393
-0.98667437
0.93405753
0.6195654
-1.622764
-0.04444962
0.835162
0.71509755
-0.8305551
-1.5623456
-0.92208576
-1.1990948
1.1815268
-0.14029923
0.22001973
0.9721472
0.93122506
0.4195794
-1.939342
0.43176728
-0.48895708
-0.6471954
0.1689195
0.846682
0.37904984
-0.0067991544
-2.4276097
0.96525013
0.3306593
-0.07938265
-0.43921137
-0.77435297
-0.43062067
0.07972253
1.02374
0.26008993
1.8971466
-0.4074713
-1.5253899
-0.07112594
-0.9808122
-1.1634768
-1.343382
-0.103061214
0.19384699
0.6109885
-0.010817728
1.2195284
-0.17317434
-0.06655434
1.1088344
0.35828593
-2.0463002
0.19807674
-0.658445
0.35661495
1.0342675
-0.72331595
0.34007075
-0.2002689
-0.7384607
1.5919077
0.026443236
-0.20669179
-0.124147855
-0.9913181
-0.25008598
1.3938833
-1.0488507
-0.0827279
1.1819557
-0.40015614
0.26194462
-0.34253898
-0.7059207
1.2796481
2.0993657
-0.37248832
-0.17216791
0.14145334
1.7864199
-0.7103753
-0.8112688
0.9457424
-0.23112729
-0.11646237
0.97370553
-0.2097359
0.3200736
-0.054389942
-0.976299
0.12291026
1.0137819
0.24609037
-0.46595585
-2.644733
1.4333124
0.44905752
-0.17568992
0.9948171
-1.7349062
-1.165112
0.37759566
0.6641547
-1.1137693
-0.6698066
-0.29411685
1.7267307
0.6594409
-0.4301304
-0.23311655
-0.3751862
0.9354054
0.60669523
-0.085387886
0.8989252
2.4766724
-0.053249735
0.75444365
1.3627958
-1.4028667
-0.694611
-0.19601072
1.2243706
-0.707363
0.25839308
0.64560944
-0.015322503
1.7204982
1.363357
-1.4536839
-0.0719705
-1.0036033
1.3453214
-1.8935466
-2.0892823
-0.16694874
0.4244537
1.1841153
-0.16134141
1.0403415
0.27194598
0.38112548
0.26911017
-0.33696747
-0.7836469
0.9080742
0.3121871
0.6438219
0.81184506
-0.7534782
-0.62353575
-1.3919895
-0.66199327
-0.9148035
-0.5973463
-1.1181608
-1.7955865
0.7101071
-0.9333434
0.26610106
-0.934549
-0.116377115
0.12515102
0.1664555
-0.12727262
-0.7508933
-0.25374937
0.3485956
0.92137575
-0.13339378
-1.013456
-0.25470465
0.60532045
0.94344807
-0.49599996
-0.55058354
0.029801944
-1.223697
1.0533233
1.2322547
1.150064
-0.2912418
-1.0315164
1.3071709
0.21220413
1.0516224
2.3719537
1.3021269
0.15556338
-0.9098645
-1.3943684
0.18650898
2.5474555
0.3439979
0.7825995
-0.49558362
0.37637588
0.4805928
-2.0062134
-0.8765913
-0.03078077
-0.6308528
0.39318302
0.98551667
0.14863592
-0.8248653
-1.401252
-0.38577127
1.4738909
1.7197396
1.6728373
-1.021287
-1.4397774
-0.34688812
0.13944909
0.47504336
0.9928337
-1.2075826
0.6113702
-0.09035206
2.6377635
-0.82155746
0.5188997
1.7191834
0.27271748
2.1105747
0.03756142
-1.9483588
0.7278219
-1.5376773
1.1933504
-0.34904477
0.580794
0.22743179
0.45669654
1.3341051
-0.5374754
0.08988994
0.114416935
0.8283648
0.82471615
1.3872262
0.74933493
-1.8570725
1.5617805
-0.25916946
-0.1973371
-1.7780406
0.71630234
0.15133713
0.73163617
0.8438042
-0.21906297
-0.44275874
0.11507074
0.19449085
0.42722526
-0.35463372
-1.7153347
-2.2179966
-0.51289856
0.84813166
-1.6151731
1.943483
0.21254516
-0.15801224
0.94179684
-1.0766039
-1.1162342
-0.2288779
-0.88084453
1.5984485
1.0860038
1.5863613
0.4403793
-1.703265
-0.46498173
-0.24283242
1.6674458
0.03711884
-1.249945
0.010963997
0.9169035
-1.9005098
-1.5208126
0.23019525
-0.75230396
-0.34108075
0.52799475
-0.12144936
0.6192292
1.0210326
-0.99976
-0.07260199
-0.5536226
0.47191998
1.4808575
-0.5946147
-0.5902237
0.24786659
-0.42563912
-0.426729
-0.40845242
-1.2880667
-0.99230653
0.27456933
0.09115083
-1.6401819
0.7676112
0.74621844
-0.5839543
0.42943084
-0.18559805
0.6241169
0.18672328
0.39862946
-0.1749932
0.39391002
-0.6205697
-0.045835044
-0.010427414
2.199465
-0.048061814
0.114282995
0.3385376
-0.6105291
-1.0140516
0.98115337
0.38983506
-0.80912006
1.0221015
-0.71051383
0.78107935
0.63065577
1.1210353
-0.3315797
0.85193586
2.1996946
-0.692567
0.6945234
0.12754586
-1.3255515
-1.409572
2.187251
-0.62010336
0.7064471
-1.2131277
0.044301793
0.27500576
-0.43569607
-0.51802903
0.75736743
-0.14546579
-0.70073634
1.5407822
-1.2817253
0.13228439
-0.6831381
-0.028762566
-0.9247168
-0.14547011
-1.2719094
0.39700198
0.18246984
0.6156536
1.6002411
-1.3322885
-0.014641072
1.8730816
0.020410094
-0.8688444
-0.5519489
-0.34122282
0.09679275
0.22995445
0.0004916747
2.662303
0.8794521
1.2386624
1.8232497
-0.15902054
0.33148572
1.0816454
2.2319932
-0.39303347
1.1535217
0.7094921
-0.5974278
0.19225524
1.4432566
-0.26945388
-0.58094966
0.24607356
0.072730534
-0.8741888
0.5712408
0.270479
1.5040321
0.90616494
-0.47953016
-0.13535094
0.9969004
0.57265824
-1.6855462
1.37913
-0.6433393
0.69902706
-0.6560575
0.83999366
0.38236314
-1.1432232
-0.18096547
0.21756817
0.11553129
0.4837946
-0.87154365
-1.5018759
1.0773512
0.4077965
-0.28619343
-0.24044243
1.064214
0.7633704
-1.5221137
0.29698032
2.143635
1.2611964
-0.7956064
-1.1097085
-0.12484664
0.10824526
0.37010118
-1.338005
2.0546572
-1.766503
0.44570008
1.022355
-0.2958454
-0.84642744
0.90854925
-0.72244793
0.47449932
-0.76834494
-0.64387417
0.6200646
0.55973744
0.24287893
-1.2984749
-0.80422413
1.4126184
-0.3331641
1.0684767
-1.4364558
0.33874914
0.44940856
-1.1077319
1.2510817
0.42068437
0.23778851
-0.47422558
-0.68279994
0.021084296
0.24150828
0.7194003
-1.2261066
-1.063487
-1.3735673
-0.82604307
-0.433036
0.23633914
-1.1083018
0.32717034
-1.6124456
0.74549574
-0.07874909
0.49180597
-1.0769839
0.8817511
-1.6918786
0.4978642
0.18853594
-0.6068443
-0.73232347
-0.10306804
0.13317932
-0.5865885
0.028890278
0.30136153
-0.91881603
0.14387625
-0.23269829
-0.27319807
1.4797443
0.27362052
-0.09751445
1.5611701
-2.4656153
-1.1994553
-0.27823332
-0.5081279
0.40592548
-0.060238972
-0.90918976
-1.2859159
0.68657506
-1.3249818
-0.18381275
0.20400107
1.1088285
-0.5794697
-1.3247949
0.3114679
0.19351764
0.7378631
-0.4482708
-1.2581962
-0.6693427
-2.2313073
-1.3373681
-0.40190887
0.4949428
1.8474361
-0.9498982
-0.32193026
0.85172546
0.17044806
-1.7688133
0.7276713
1.7054662
0.41311616
0.53119636
1.8355126
-0.4461985
-0.6706862
-0.14091428
-0.8963592
0.5625156
-1.9330937
-0.0029316917
0.24713898
1.8203208
0.7718669
2.2821834
0.8809104
2.4111135
2.2708747
-0.9091637
0.5328006
-1.2780304
0.7210349
