-0.48330373
-0.027661381
0.47045693
0.5801879
-0.06370473
1.1275356
-1.0188926
-0.5909525
-0.6480018
1.0322642
-0.9622384
1.5879362
1.1357445
0.08576922
1.3880265
0.47276676
-0.29511374
0.86777866
-0.10948985
0.8682252
-1.4265083
1.0846066
-0.43941405
0.41615885
-0.6679864
-1.5437236
0.13746968
-0.94350916
-1.2852669
0.3556645
0.21068256
0.29549876
-0.8571453
-1.3994566
-1.2136861
-2.3209727
0.22247618
-0.46083513
-0.47363928
1.2963357
-0.7876918
1.5201273
0.34066084
0.045311064
1.3172851
-0.957934
-0.46146086
-0.42824787
-0.29268798
1.4108068
-0.38680595
0.34219033
0.5182999
0.6146423
-0.6054419
-1.742655
-1.7393177
1.3009344
0.07459627
0.28941283
0.019317314
1.3328575
0.2756104
-0.23502056
2.5453327
-0.45445973
-0.8216072
-1.6742454
0.8783669
-1.0083418
0.80458635
0.85104454
-0.44135347
0.07418163
0.09791743
-1.084088
-0.28595418
0.2051965
0.5038122
0.55202794
-0.14334509
-0.43152335
0.8342351
-0.48496285
-0.8756127
0.18205221
0.8717334
1.2488537
0.46212035
-0.18351807
0.60986656
0.48739573
1.254355
1.1938422
-2.8632112
1.1235722
0.33990443
1.7516713
0.69724977
-0.28833094
2.3939779
-1.4429792
1.3406745
0.20910764
0.678504
-0.5014697
-0.1267656
1.1764628
1.5432189
-0.7304244
-0.3843252
0.655379
-0.014033179
-1.1778784
0.51818144
0.9337699
1.5273672
0.5883442
-0.7718782
0.7473615
0.60106647
1.6486549
0.34060016
-0.21233429
2.093764
0.14350712
-0.4523168
0.73045653
0.66060776
-1.287731
-0.9784327
1.6902293
1.0032307
0.36862504
0.19606781
0.24801438
-2.5015635
-1.3579416
-1.1552047
1.084382
1.7088625
0.6657361
0.4179257
0.03466208
0.7454116
0.36559534
-1.8534322
-0.20447075
-0.1727148
-2.870423
-0.9840305
1.4525913
-1.3454349
0.5068036
0.010122264
1.7705258
1.2445884
0.964474
-0.51703036
-0.8430955
0.6245544
-0.5440684
-1.2729406
0.6368915
0.32283306
0.4394927
1.4386699
0.43230933
-1.7722965
-1.0966772
0.85174406
0.29416394
-0.11224517
-0.018387154
0.5749383
-0.8122358
0.802849
-0.38551536
0.1741156
-0.23419452
-0.03438556
0.81661594
-0.5407836
0.40737924
-1.5998254
0.58506083
1.621859
-1.4236435
-1.332146
1.8377116
-0.9809469
-1.2283269
0.4767043
-0.40556282
-1.0798532
0.43861464
-0.06390326
-0.14350104
1.0299476
0.47582114
-0.32172045
0.24718657
-0.73938954
-0.5397612
0.27060497
0.72233653
-1.1887156
-0.36166972
0.15879881
-0.87277293
0.2755977
-1.0398306
-0.74954927
0.3384216
0.9515034
0.6855519
-0.5955991
-0.3058321
0.80890995
-0.5687809
-1.0957644
0.08672635
0.39268398
0.4277131
0.2754014
-0.5859998
-0.48067856
0.03499246
-0.8168878
1.1913435
0.38268572
-1.5979726
1.0397362
1.7935218
-0.11010997
-1.2171628
0.84777385
0.9327986
-0.42770267
0.2564479
0.24716833
0.78258026
-0.36694932
-1.6596802
-0.12616754
1.0009769
0.95338786
-0.27492929
-0.46766338
0.11290013
0.17449237
-0.4575575
0.12564346
0.6034031
2.2479873
-1.4151071
-1.6508713
0.20053843
-0.72250706
0.19780116
-0.393679
0.6502349
1.0922595
1.4337622
-0.46449214
-0.61714023
1.6506993
0.66939074
0.86540896
-0.4976248
0.58041847
0.19716828
0.53946346
0.40893257
-0.52505904
2.1228194
-0.32987198
-0.08219303
3.4470227
-1.1679107
-1.7525605
0.1541644
1.3444815
2.2025108
0.39954036
0.16173276
0.5924765
-0.060004093
-0.71404654
-0.4602403
-0.96965665
0.14216647
0.5686835
-0.1811822
-1.0737455
-1.6776826
0.8578234
0.31670752
0.7539026
-1.561509
-1.7723907
-0.9144264
0.71682984
-1.7273508
-1.5351993
1.6757758
1.3073324
0.9686896
1.1282008
-0.35267013
0.021819107
-0.40330225
1.2684171
-0.7938282
-0.26925236
-1.6447339
0.26852193
-0.8830843
-2.5718966
-0.38346228
1.4305979
1.2665629
0.6151751
0.041834634
-1.631896
-0.13950652
0.2811005
-0.24737896
-0.7435721
-0.06465059
0.4439269
1.0468396
0.3377739
-1.219983
0.6105227
0.8895847
1.7152914
1.2738465
-2.7803717
-0.35132822
1.4448286
-0.7522489
-0.91645986
-0.027821504
0.16479488
0.23853211
-1.6303436
-1.7558453
0.2706659
-0.21236691
-0.9354729
-1.0238255
-0.5802537
0.14338802
-0.6721795
0.7288181
1.2225122
-0.058618966
-0.03101387
0.3314881
1.2125888
-0.9021765
0.12015582
-0.52268285
-0.83472675
0.0701292
-1.6624002
-1.0460078
-0.24834332
0.14665681
-0.17594254
-0.3660173
1.0835129
-1.295249
0.885527
1.3274405
1.0969133
0.71578354
-0.5427332
-0.3817708
-1.1650505
0.23342675
1.6032726
0.58642566
1.0092967
-2.603672
1.6910577
-0.28317124
-0.41335288
-0.31242242
-0.02681366
1.3794584
-0.18578169
-0.9641084
-1.0872227
0.49769595
-0.83067155
0.6085711
0.27445555
-1.1235057
-0.19656579
0.15088628
-0.5727394
0.3840223
0.18905056
0.34509754
-1.7764231
0.16094518
-0.5355882
-0.44334388
-1.1536725
-0.1850381
-3.640768
-0.43974683
1.1582766
-1.6725758
0.91378546
1.7264985
-0.77841973
0.9436023
0.6398297
0.4070208
0.29711682
-0.13263835
-0.030777205
0.26170322
1.2787648
-0.3716534
0.6772815
0.8576346
-0.3997619
-1.1757927
0.32748845
-0.6435601
1.2216183
2.2786832
-0.84583485
1.2846549
-1.6250955
-0.115368195
-0.59582806
-0.9271298
0.4465728
0.011799227
0.51096445
-0.3105835
-1.158985
1.4977919
-1.4104486
0.7927887
1.3732632
0.6357652
0.5230255
-2.4310136
0.22543053
-0.6250384
-1.1615934
-0.5547473
0.15180841
0.81765896
-1.1781259
0.40628964
0.8267777
-1.5456603
0.2277213
-0.49076697
0.37728423
-0.1032492
0.65385246
1.2455302
-0.43642396
-1.6031302
-0.4072536
0.2782552
-3.563054
-0.6671408
-0.44633654
-0.08426721
-0.7273907
-1.273787
1.2223523
0.36361024
-1.2172362
-0.36822078
-0.29822963
-0.17598458
-0.22568867
-0.8043192
0.39339542
-0.12149782
0.9478547
0.2630099
0.9669884
-0.85198486
0.712701
-0.21865419
-1.4459609
-1.1672424
-2.4808471
-0.8616767
0.25114185
-1.878511
-2.0038364
-0.6488079
2.1285772
0.6622916
0.8887188
-0.30177507
-1.4084711
-1.1647297
-1.8018097
1.024316
1.5265983
0.61176336
0.7407699
-1.0751266
-0.2911747
-0.59820443
-0.006312724
0.31784156
-0.71523935
-0.7761061
-0.45688066
1.4101479
2.444475
-0.46763992
-0.95323217
0.2515024
0.63376075
0.26213127
0.40751728
0.41365093
-0.09073334
1.8369187
0.31242338
-0.8189159
-2.1407094
-1.1312331
0.81276643
-1.3811675
-1.4793626
-0.42167243
0.26366004
0.60653526
-1.0739439
-0.445227
1.496393
-1.0951298
-0.92125946
0.44487995
-1.6429458
1.5969878
-0.7573216
-1.1480429
1.0062072
0.67529494
-0.56786674
1.8764894
-1.4151866
1.2777857
0.3424131
-0.7532465
-1.4310691
0.9163672
-0.38003537
-0.0531983
0.32078838
-2.2284958
-0.35702282
0.22750716
-0.09539651
1.7719398
0.50191045
-0.97912925
0.39584166
1.0597475
-0.081822164
0.08542953
0.5094967
1.6241174
0.15496273
0.07589318
-1.1406778
1.6113317
-1.5021394
0.5350426
2.0336127
0.9754242
1.5529907
-0.7413981
-1.2954756
-1.5331275
0.0059902673
0.1593646
0.47782058
0.6209435
0.15965696
-1.2258266
0.9816123
-0.48431322
-0.16702917
0.06415487
-0.16274664
0.65368307
0.36036986
-1.0371343
-1.012052
-0.61446387
-0.50334543
1.1713911
-1.4474163
-0.79096174
-0.84042966
0.914319
-1.295917
-0.11169998
0.23259309
0.20935239
0.9952477
0.5677315
-1.0998198
0.5674067
0.9879261
0.19594818
-0.7496468
0.47632164
-0.8657539
1.2379373
-0.32044524
0.14990188
-0.2517943
-1.0278164
0.2986631
-0.09372607
0.48836762
-2.6615086
-0.058407363
0.037404157
-1.3188854
-0.644874
1.193185
-0.9881809
-1.1718436
-0.14689578
1.8855816
-0.04933221
-1.8413411
0.13132077
1.7844713
-0.36416724
-0.6776842
-1.2254741
0.5153749
-0.86906374
-0.88144135
-2.5926416
0.2376384
1.8545773
-0.76581997
-0.36582676
-0.9824555
2.044484
-0.46879733
-0.8675192
0.6446548
1.665329
-0.07768552
-2.4670138
-2.1490507
0.06356848
-0.98579264
-0.43615213
-1.1351563
-0.91560745
0.5810824
0.898191
-0.2924693
-0.27251458
0.6277162
-0.4105238
0.49984768
0.16882712
0.27360317
-0.3807681
1.4237849
-0.06275259
-1.6684265
-0.1405209
-0.4241165
-1.2975142
-1.8150799
1.3678705
-0.6167436
0.17488727
-1.0943291
-0.98396677
-1.3094411
-0.8482742
-0.8674662
-1.2670969
-0.8416469
-0.12337442
-0.49090576
0.7309578
0.0024394873
0.24828656
0.5712552
-0.5710929
-0.803143
1.4677343
0.17721783
0.0766583
0.18827735
-0.53050315
-0.853068
1.7590876
-0.7356036
-0.61553687
2.453857
-0.7507849
0.942527
-2.5349748
1.8717319
0.85614556
0.45671386
-1.5508349
0.14221476
1.6339854
-1.5237073
0.23278812
0.55338675
0.4629606
0.20461808
-0.26770908
0.3888397
-1.3606758
0.44225302
-0.4869514
0.8576299
0.5211429
2.3151238
-0.6804719
-0.3409796
0.32942048
-0.502414
-0.8136586
0.7650375
0.379409
2.2161496
0.66558915
0.50661284
-0.92354596
-0.07492576
0.5514513
0.08054536
-0.6086744
-0.8192659
-0.69989675
-1.5338491
2.7371716
0.54662687
0.15556656
-0.37409058
0.54894304
-0.03600605
-0.1981593
-0.115911536
-1.1652297
-1.2339888
-0.3409288
0.18901184
0.38119268
0.20436715
1.6051192
-0.2995694
0.5991318
0.7545156
0.25091392
-1.2889564
-0.96913445
0.08697001
-1.2822198
-0.12529334
-1.9714575
0.03266942
1.133041
-0.765125
-1.281034
0.42220938
-0.8003402
0.7989803
-0.031209325
-0.034184296
-0.30836624
-1.5341477
-0.08301282
1.2192404
-0.78410393
-2.103454
1.1516918
1.5284307
-0.18629356
-0.20340118
0.41614553
-3.2551193
1.6794724
-0.04863147
-0.3186666
-0.7787067
-1.3888152
2.3961737
-0.38914678
0.9775144
-0.6836171
0.8113217
-0.12381536
0.37476242
0.5247488
2.1991951
-1.088612
-0.7039546
-0.31526294
0.9957478
-0.34492937
-0.022093505
0.9720582
1.2807761
-1.4957727
-0.7316451
0.5454535
-0.018459363
0.7959365
-1.5788084
-2.4088783
-0.22795051
1.7569336
1.1357564
-1.1785499
0.93170816
0.048378844
-0.75891775
0.7912487
0.44213742
-0.85777813
0.8494693
0.8926558
-0.9281527
0.48519424
1.5297043
-1.1687444
0.044568162
0.3193235
1.101027
0.23149493
-0.3018401
1.2869345
1.1906433
-0.09175241
-0.80163217
-0.13348822
0.009723406
-0.75709796
-0.28945595
-0.1588895
-0.7283286
2.7442381
-1.0566403
0.19317609
-0.43050754
0.7301386
0.876686
-0.032880157
0.29749858
1.0021639
0.097076125
0.5269649
-1.624786
-0.73354083
-1.8478441
-0.80260867
1.5581939
-1.6040994
-1.519339
-0.16180114
0.52995366
-1.5622228
-0.0731191
-1.4798657
0.36750907
1.8555926
1.1092991
-0.9314657
-1.7398552
0.75592965
-0.13724065
1.4668175
-0.9818152
-0.031420276
-1.0803272
-1.1719574
-0.41315287
-0.44614005
0.6017333
1.389668
-1.3241454
1.2354833
-0.26568875
-0.71743435
-0.46475765
1.5917506
1.3246751
0.06881528
0.10365888
-2.3537128
0.9107162
-1.5374405
-0.09802096
0.7239322
0.700036
1.3857167
-1.7407595
-0.87930065
0.77249795
-0.5075884
0.67184144
-0.4431442
-1.6460056
-1.5163767
1.1448631
-0.9127319
0.47624147
-0.47952166
-1.0541154
-0.48226964
-0.8677757
-1.4479172
-0.17624882
-2.2911494
0.95303696
0.8781857
0.19415547
-0.8757073
-1.0659301
-0.73992854
-0.73763216
-1.5530367
-0.6918891
0.5355731
0.6405996
-0.6108559
0.56619674
0.6646142
0.16456266
0.25558358
-0.6574424
0.17332728
1.4829581
-1.3577367
-0.10934936
-0.1798669
1.0208573
1.3833165
0.30284777
0.35358885
1.505373
-1.6653739
-0.22525501
-1.2227632
0.13851391
-1.7255396
-0.30019808
-0.2482542
0.49015915
-1.5944672
-0.91859525
-0.49270275
0.5401454
1.7380186
-0.06943579
1.2669303
0.2077249
-1.1761477
-1.1862323
0.21944763
0.022749841
-0.72004837
-1.9431909
-1.0569316
1.198945
-1.1484226
-1.6438221
0.91122496
-1.5069155
0.88860595
1.4797026
-0.50529647
0.78756624
-0.17431915
-1.3871219
-1.2045456
